2018-03-15 11:49:38,086 
 
 feature size: 211
2018-03-15 11:49:38,088 ********************    data:Breast     ECOC:Self_Adaption_ECOC F1 F2 +    *****************
2018-03-15 11:49:39,355 class cplx:
{'ERBB2': 8.7212442382866197e-05, 'basal': 2426357485.4763875, 'cell_lines': 8.2857379783205945e+34, 'lumina': 19860.489738798664, 'normal': 2.758412135637314e-13}
2018-03-15 11:49:39,357 var:1098455261526147992056930749509135230627351645194938371839346897584128.000000 mean:16571475956641189006032361167519744.000000
2018-03-15 11:49:39,357 botttom th:16571475956641189006032361167519744.000000 top th:33142951913282378012064722335039488.000000
2018-03-15 11:49:39,358 column num:2
2018-03-15 11:49:39,361 merged matrix:
[[-1.  0.  1.  0. -1.  0. -1.  1.]
 [ 1. -1.  0.  0. -1.  0. -1. -1.]
 [-1.  0. -1. -1. -1.  0.  1.  0.]
 [ 1.  1.  0.  0.  1. -1.  0.  0.]
 [-1.  0. -1.  1.  1.  1.  0.  0.]]
2018-03-15 11:49:43,559 1.create matrix:
[[-1.  0.  1.  0. -1.  0. -1.  1. -1.  1. -1.  0.  0.  1.  1.]
 [ 1. -1.  0.  0. -1.  0. -1. -1.  0.  0. -1.  1.  0.  0.  0.]
 [-1.  0. -1. -1. -1.  0.  1.  0.  1. -1.  1. -1.  0.  0.  0.]
 [ 1.  1.  0.  0.  1. -1.  0.  0. -1.  0.  0.  0.  1.  0. -1.]
 [-1.  0. -1.  1.  1.  1.  0.  0. -1.  0. -1.  0. -1. -1.  1.]]
2018-03-15 11:49:43,565 2.remove reverse matrix:
[[-1.  0.  1.  0. -1.  0. -1.  1. -1.  1. -1.  0.  1.  1.]
 [ 1. -1.  0.  0. -1.  0. -1. -1.  0.  0. -1.  1.  0.  0.]
 [-1.  0. -1. -1. -1.  0.  1.  0.  1. -1.  1. -1.  0.  0.]
 [ 1.  1.  0.  0.  1. -1.  0.  0. -1.  0.  0.  0.  0. -1.]
 [-1.  0. -1.  1.  1.  1.  0.  0. -1.  0. -1.  0. -1.  1.]]
2018-03-15 11:49:43,568 3.remove duplicate matrix:
[[-1.  0.  1.  0. -1.  0. -1.  1. -1.  1. -1.  0.  1.  1.]
 [ 1. -1.  0.  0. -1.  0. -1. -1.  0.  0. -1.  1.  0.  0.]
 [-1.  0. -1. -1. -1.  0.  1.  0.  1. -1.  1. -1.  0.  0.]
 [ 1.  1.  0.  0.  1. -1.  0.  0. -1.  0.  0.  0.  0. -1.]
 [-1.  0. -1.  1.  1.  1.  0.  0. -1.  0. -1.  0. -1.  1.]]
2018-03-15 11:49:43,572 4.remove unfit matrix:
[[-1.  0.  1.  0. -1.  0. -1.  1. -1.  1. -1.  0.  1.  1.]
 [ 1. -1.  0.  0. -1.  0. -1. -1.  0.  0. -1.  1.  0.  0.]
 [-1.  0. -1. -1. -1.  0.  1.  0.  1. -1.  1. -1.  0.  0.]
 [ 1.  1.  0.  0.  1. -1.  0.  0. -1.  0.  0.  0.  0. -1.]
 [-1.  0. -1.  1.  1.  1.  0.  0. -1.  0. -1.  0. -1.  1.]]
2018-03-15 11:49:43,592 Self_Adaption_ECOC F1 F2 + Matrix:
[[-1.  0.  1.  0. -1.  0. -1.  1. -1.  1. -1.  0.  1.  1.]
 [ 1. -1.  0.  0. -1.  0. -1. -1.  0.  0. -1.  1.  0.  0.]
 [-1.  0. -1. -1. -1.  0.  1.  0.  1. -1.  1. -1.  0.  0.]
 [ 1.  1.  0.  0.  1. -1.  0.  0. -1.  0.  0.  0.  0. -1.]
 [-1.  0. -1.  1.  1.  1.  0.  0. -1.  0. -1.  0. -1.  1.]]
2018-03-15 11:49:43,687 classifier accuracy
[1.0, 0.933, 0.867, 1.0, 1.0, 0.941, 1.0, 1.0, 1.0, 1.0, 1.0, 1.0, 1.0, 1.0]
2018-03-15 11:49:43,687 diversity
[-0.014, 0.022, 0.006, 0.094, 0.049, -0.03, -0.125, 0.129, -0.125, 0.122, -0.125, 0.077, 0.027, -0.036]
2018-03-15 11:49:43,687 accuracy: 1.000000
2018-03-15 11:49:43,687 ********************    data:Breast     ECOC:Self_Adaption_ECOC F1 F2 -    *****************
2018-03-15 11:49:44,854 class cplx:
{'ERBB2': 8.7212442382866197e-05, 'basal': 2426357485.4763875, 'cell_lines': 8.2857379783205945e+34, 'lumina': 19860.489738798664, 'normal': 2.758412135637314e-13}
2018-03-15 11:49:44,855 var:1098455261526147992056930749509135230627351645194938371839346897584128.000000 mean:16571475956641189006032361167519744.000000
2018-03-15 11:49:44,855 botttom th:16571475956641189006032361167519744.000000 top th:33142951913282378012064722335039488.000000
2018-03-15 11:49:44,855 column num:2
2018-03-15 11:49:44,857 merged matrix:
[[-1.  0.  1.  0. -1.  0. -1.  1.]
 [ 1. -1.  0.  0. -1.  0. -1. -1.]
 [-1.  0. -1. -1. -1.  0.  1.  0.]
 [ 1.  1.  0.  0.  1. -1.  0.  0.]
 [-1.  0. -1.  1.  1.  1.  0.  0.]]
2018-03-15 11:49:47,142 1.create matrix:
[[-1.  0.  1.  0. -1.  0. -1.  1. -1. -1. -1.  1.  0.  1. -1.]
 [ 1. -1.  0.  0. -1.  0. -1. -1. -1.  0. -1.  0. -1. -1.  0.]
 [-1.  0. -1. -1. -1.  0.  1.  0.  1.  0.  1. -1.  1. -1. -1.]
 [ 1.  1.  0.  0.  1. -1.  0.  0.  0.  0. -1.  0.  0. -1.  1.]
 [-1.  0. -1.  1.  1.  1.  0.  0. -1.  1.  0.  0.  1.  0.  1.]]
2018-03-15 11:49:47,148 2.remove reverse matrix:
[[-1.  0.  1.  0. -1.  0. -1.  1. -1. -1. -1.  1.  0.  1. -1.]
 [ 1. -1.  0.  0. -1.  0. -1. -1. -1.  0. -1.  0. -1. -1.  0.]
 [-1.  0. -1. -1. -1.  0.  1.  0.  1.  0.  1. -1.  1. -1. -1.]
 [ 1.  1.  0.  0.  1. -1.  0.  0.  0.  0. -1.  0.  0. -1.  1.]
 [-1.  0. -1.  1.  1.  1.  0.  0. -1.  1.  0.  0.  1.  0.  1.]]
2018-03-15 11:49:47,151 3.remove duplicate matrix:
[[-1.  0.  1.  0. -1.  0. -1.  1. -1. -1. -1.  1.  0.  1. -1.]
 [ 1. -1.  0.  0. -1.  0. -1. -1. -1.  0. -1.  0. -1. -1.  0.]
 [-1.  0. -1. -1. -1.  0.  1.  0.  1.  0.  1. -1.  1. -1. -1.]
 [ 1.  1.  0.  0.  1. -1.  0.  0.  0.  0. -1.  0.  0. -1.  1.]
 [-1.  0. -1.  1.  1.  1.  0.  0. -1.  1.  0.  0.  1.  0.  1.]]
2018-03-15 11:49:47,154 4.remove unfit matrix:
[[-1.  0.  1.  0. -1.  0. -1.  1. -1. -1. -1.  1.  0.  1. -1.]
 [ 1. -1.  0.  0. -1.  0. -1. -1. -1.  0. -1.  0. -1. -1.  0.]
 [-1.  0. -1. -1. -1.  0.  1.  0.  1.  0.  1. -1.  1. -1. -1.]
 [ 1.  1.  0.  0.  1. -1.  0.  0.  0.  0. -1.  0.  0. -1.  1.]
 [-1.  0. -1.  1.  1.  1.  0.  0. -1.  1.  0.  0.  1.  0.  1.]]
2018-03-15 11:49:47,171 Self_Adaption_ECOC F1 F2 - Matrix:
[[-1.  0.  1.  0. -1.  0. -1.  1. -1. -1. -1.  1.  0.  1. -1.]
 [ 1. -1.  0.  0. -1.  0. -1. -1. -1.  0. -1.  0. -1. -1.  0.]
 [-1.  0. -1. -1. -1.  0.  1.  0.  1.  0.  1. -1.  1. -1. -1.]
 [ 1.  1.  0.  0.  1. -1.  0.  0.  0.  0. -1.  0.  0. -1.  1.]
 [-1.  0. -1.  1.  1.  1.  0.  0. -1.  1.  0.  0.  1.  0.  1.]]
2018-03-15 11:49:47,278 classifier accuracy
[1.0, 0.933, 0.867, 1.0, 1.0, 0.941, 1.0, 1.0, 1.0, 1.0, 1.0, 1.0, 1.0, 0.88, 0.926]
2018-03-15 11:49:47,278 diversity
[-0.058, 0.109, -0.02, 0.096, 0.106, -0.015, -0.043, 0.084, -0.043, -0.002, -0.043, 0.031, 0.122, 0.0, 0.059]
2018-03-15 11:49:47,278 accuracy: 1.000000
2018-03-15 11:49:47,278 ********************    data:Breast     ECOC:Self_Adaption_ECOC F1 F2 *    *****************
2018-03-15 11:49:48,403 class cplx:
{'ERBB2': 8.7212442382866197e-05, 'basal': 2426357485.4763875, 'cell_lines': 8.2857379783205945e+34, 'lumina': 19860.489738798664, 'normal': 2.758412135637314e-13}
2018-03-15 11:49:48,404 var:1098455261526147992056930749509135230627351645194938371839346897584128.000000 mean:16571475956641189006032361167519744.000000
2018-03-15 11:49:48,404 botttom th:16571475956641189006032361167519744.000000 top th:33142951913282378012064722335039488.000000
2018-03-15 11:49:48,404 column num:2
2018-03-15 11:49:48,405 merged matrix:
[[-1.  0.  1.  0. -1.  0. -1.  1.]
 [ 1. -1.  0.  0. -1.  0. -1. -1.]
 [-1.  0. -1. -1. -1.  0.  1.  0.]
 [ 1.  1.  0.  0.  1. -1.  0.  0.]
 [-1.  0. -1.  1.  1.  1.  0.  0.]]
2018-03-15 11:49:48,411 1.create matrix:
[[-1.  0.  1.  0. -1.  0. -1.  1.  0.  0.  0. -1.  0.  0.  0.]
 [ 1. -1.  0.  0. -1.  0. -1. -1. -1.  0.  0.  1.  0.  0.  0.]
 [-1.  0. -1. -1. -1.  0.  1.  0.  0.  1.  0.  0.  0.  0.  0.]
 [ 1.  1.  0.  0.  1. -1.  0.  0.  1.  0. -1.  0.  0.  0.  0.]
 [-1.  0. -1.  1.  1.  1.  0.  0.  0. -1.  1.  0.  0.  0.  0.]]
2018-03-15 11:49:48,414 2.remove reverse matrix:
[[-1.  0.  1.  0. -1.  0. -1.  1.  0.  0.  0.]
 [ 1. -1.  0.  0. -1.  0. -1. -1. -1.  0.  0.]
 [-1.  0. -1. -1. -1.  0.  1.  0.  0.  0.  0.]
 [ 1.  1.  0.  0.  1. -1.  0.  0.  1. -1.  0.]
 [-1.  0. -1.  1.  1.  1.  0.  0.  0.  1.  0.]]
2018-03-15 11:49:48,415 3.remove duplicate matrix:
[[-1.  0.  1.  0. -1.  0. -1.  1.  0.  0.  0.]
 [ 1. -1.  0.  0. -1.  0. -1. -1. -1.  0.  0.]
 [-1.  0. -1. -1. -1.  0.  1.  0.  0.  0.  0.]
 [ 1.  1.  0.  0.  1. -1.  0.  0.  1. -1.  0.]
 [-1.  0. -1.  1.  1.  1.  0.  0.  0.  1.  0.]]
2018-03-15 11:49:48,417 4.remove unfit matrix:
[[-1.  0.  1.  0. -1.  0. -1.  1.  0.  0.]
 [ 1. -1.  0.  0. -1.  0. -1. -1. -1.  0.]
 [-1.  0. -1. -1. -1.  0.  1.  0.  0.  0.]
 [ 1.  1.  0.  0.  1. -1.  0.  0.  1. -1.]
 [-1.  0. -1.  1.  1.  1.  0.  0.  0.  1.]]
2018-03-15 11:49:48,430 Self_Adaption_ECOC F1 F2 * Matrix:
[[-1.  0.  1.  0. -1.  0. -1.  1.  0.  0.]
 [ 1. -1.  0.  0. -1.  0. -1. -1. -1.  0.]
 [-1.  0. -1. -1. -1.  0.  1.  0.  0.  0.]
 [ 1.  1.  0.  0.  1. -1.  0.  0.  1. -1.]
 [-1.  0. -1.  1.  1.  1.  0.  0.  0.  1.]]
2018-03-15 11:49:48,509 classifier accuracy
[1.0, 0.933, 0.867, 1.0, 1.0, 0.941, 1.0, 1.0, 0.933, 0.941]
2018-03-15 11:49:48,509 diversity
[-0.047, 0.143, -0.018, 0.158, 0.173, 0.094, -0.231, 0.127, 0.143, 0.094]
2018-03-15 11:49:48,509 accuracy: 0.933000
2018-03-15 11:49:48,509 ********************    data:Breast     ECOC:Self_Adaption_ECOC F1 F2 /    *****************
2018-03-15 11:49:49,605 class cplx:
{'ERBB2': 8.7212442382866197e-05, 'basal': 2426357485.4763875, 'cell_lines': 8.2857379783205945e+34, 'lumina': 19860.489738798664, 'normal': 2.758412135637314e-13}
2018-03-15 11:49:49,605 var:1098455261526147992056930749509135230627351645194938371839346897584128.000000 mean:16571475956641189006032361167519744.000000
2018-03-15 11:49:49,605 botttom th:16571475956641189006032361167519744.000000 top th:33142951913282378012064722335039488.000000
2018-03-15 11:49:49,607 column num:2
2018-03-15 11:49:49,608 merged matrix:
[[-1.  0.  1.  0. -1.  0. -1.  1.]
 [ 1. -1.  0.  0. -1.  0. -1. -1.]
 [-1.  0. -1. -1. -1.  0.  1.  0.]
 [ 1.  1.  0.  0.  1. -1.  0.  0.]
 [-1.  0. -1.  1.  1.  1.  0.  0.]]
2018-03-15 11:49:49,614 1.create matrix:
[[-1.  0.  1.  0. -1.  0. -1.  1.  0.  0.  0. -1.  0.  0.  0.]
 [ 1. -1.  0.  0. -1.  0. -1. -1. -1.  0.  0.  1.  0.  0.  0.]
 [-1.  0. -1. -1. -1.  0.  1.  0.  0.  1.  0.  0.  0.  0.  0.]
 [ 1.  1.  0.  0.  1. -1.  0.  0.  1.  0. -1.  0.  0.  0.  0.]
 [-1.  0. -1.  1.  1.  1.  0.  0.  0. -1.  1.  0.  0.  0.  0.]]
2018-03-15 11:49:49,618 2.remove reverse matrix:
[[-1.  0.  1.  0. -1.  0. -1.  1.  0.  0.  0.]
 [ 1. -1.  0.  0. -1.  0. -1. -1. -1.  0.  0.]
 [-1.  0. -1. -1. -1.  0.  1.  0.  0.  0.  0.]
 [ 1.  1.  0.  0.  1. -1.  0.  0.  1. -1.  0.]
 [-1.  0. -1.  1.  1.  1.  0.  0.  0.  1.  0.]]
2018-03-15 11:49:49,618 3.remove duplicate matrix:
[[-1.  0.  1.  0. -1.  0. -1.  1.  0.  0.  0.]
 [ 1. -1.  0.  0. -1.  0. -1. -1. -1.  0.  0.]
 [-1.  0. -1. -1. -1.  0.  1.  0.  0.  0.  0.]
 [ 1.  1.  0.  0.  1. -1.  0.  0.  1. -1.  0.]
 [-1.  0. -1.  1.  1.  1.  0.  0.  0.  1.  0.]]
2018-03-15 11:49:49,621 4.remove unfit matrix:
[[-1.  0.  1.  0. -1.  0. -1.  1.  0.  0.]
 [ 1. -1.  0.  0. -1.  0. -1. -1. -1.  0.]
 [-1.  0. -1. -1. -1.  0.  1.  0.  0.  0.]
 [ 1.  1.  0.  0.  1. -1.  0.  0.  1. -1.]
 [-1.  0. -1.  1.  1.  1.  0.  0.  0.  1.]]
2018-03-15 11:49:49,631 Self_Adaption_ECOC F1 F2 / Matrix:
[[-1.  0.  1.  0. -1.  0. -1.  1.  0.  0.]
 [ 1. -1.  0.  0. -1.  0. -1. -1. -1.  0.]
 [-1.  0. -1. -1. -1.  0.  1.  0.  0.  0.]
 [ 1.  1.  0.  0.  1. -1.  0.  0.  1. -1.]
 [-1.  0. -1.  1.  1.  1.  0.  0.  0.  1.]]
2018-03-15 11:49:49,687 classifier accuracy
[1.0, 0.933, 0.867, 1.0, 1.0, 0.941, 1.0, 1.0, 0.933, 0.941]
2018-03-15 11:49:49,687 diversity
[-0.047, 0.143, -0.018, 0.158, 0.173, 0.094, -0.231, 0.127, 0.143, 0.094]
2018-03-15 11:49:49,687 accuracy: 0.933000
2018-03-15 11:49:49,687 ********************    data:Breast     ECOC:Self_Adaption_ECOC F1 F2 and    *****************
2018-03-15 11:49:50,765 class cplx:
{'ERBB2': 8.7212442382866197e-05, 'basal': 2426357485.4763875, 'cell_lines': 8.2857379783205945e+34, 'lumina': 19860.489738798664, 'normal': 2.758412135637314e-13}
2018-03-15 11:49:50,765 var:1098455261526147992056930749509135230627351645194938371839346897584128.000000 mean:16571475956641189006032361167519744.000000
2018-03-15 11:49:50,765 botttom th:16571475956641189006032361167519744.000000 top th:33142951913282378012064722335039488.000000
2018-03-15 11:49:50,766 column num:2
2018-03-15 11:49:50,766 merged matrix:
[[-1.  0.  1.  0. -1.  0. -1.  1.]
 [ 1. -1.  0.  0. -1.  0. -1. -1.]
 [-1.  0. -1. -1. -1.  0.  1.  0.]
 [ 1.  1.  0.  0.  1. -1.  0.  0.]
 [-1.  0. -1.  1.  1.  1.  0.  0.]]
2018-03-15 11:49:52,821 1.create matrix:
[[-1.  0.  1.  0. -1.  0. -1.  1. -1.  0. -1. -1. -1. -1. -1.]
 [ 1. -1.  0.  0. -1.  0. -1. -1. -1.  0. -1.  1. -1. -1. -1.]
 [-1.  0. -1. -1. -1.  0.  1.  0. -1.  1. -1.  0.  1.  1.  1.]
 [ 1.  1.  0.  0.  1. -1.  0.  0.  1.  0. -1.  0.  0. -1. -1.]
 [-1.  0. -1.  1.  1.  1.  0.  0. -1. -1.  1.  0. -1.  0. -1.]]
2018-03-15 11:49:52,823 2.remove reverse matrix:
[[-1.  0.  1.  0. -1.  0. -1.  1. -1. -1. -1. -1. -1.]
 [ 1. -1.  0.  0. -1.  0. -1. -1. -1. -1. -1. -1. -1.]
 [-1.  0. -1. -1. -1.  0.  1.  0. -1. -1.  1.  1.  1.]
 [ 1.  1.  0.  0.  1. -1.  0.  0.  1. -1.  0. -1. -1.]
 [-1.  0. -1.  1.  1.  1.  0.  0. -1.  1. -1.  0. -1.]]
2018-03-15 11:49:52,825 3.remove duplicate matrix:
[[-1.  0.  1.  0. -1.  0. -1.  1. -1. -1. -1. -1. -1.]
 [ 1. -1.  0.  0. -1.  0. -1. -1. -1. -1. -1. -1. -1.]
 [-1.  0. -1. -1. -1.  0.  1.  0. -1. -1.  1.  1.  1.]
 [ 1.  1.  0.  0.  1. -1.  0.  0.  1. -1.  0. -1. -1.]
 [-1.  0. -1.  1.  1.  1.  0.  0. -1.  1. -1.  0. -1.]]
2018-03-15 11:49:52,828 4.remove unfit matrix:
[[-1.  0.  1.  0. -1.  0. -1.  1. -1. -1. -1. -1. -1.]
 [ 1. -1.  0.  0. -1.  0. -1. -1. -1. -1. -1. -1. -1.]
 [-1.  0. -1. -1. -1.  0.  1.  0. -1. -1.  1.  1.  1.]
 [ 1.  1.  0.  0.  1. -1.  0.  0.  1. -1.  0. -1. -1.]
 [-1.  0. -1.  1.  1.  1.  0.  0. -1.  1. -1.  0. -1.]]
2018-03-15 11:49:52,848 Self_Adaption_ECOC F1 F2 and Matrix:
[[-1.  0.  1.  0. -1.  0. -1.  1. -1. -1. -1. -1. -1.]
 [ 1. -1.  0.  0. -1.  0. -1. -1. -1. -1. -1. -1. -1.]
 [-1.  0. -1. -1. -1.  0.  1.  0. -1. -1.  1.  1.  1.]
 [ 1.  1.  0.  0.  1. -1.  0.  0.  1. -1.  0. -1. -1.]
 [-1.  0. -1.  1.  1.  1.  0.  0. -1.  1. -1.  0. -1.]]
2018-03-15 11:49:52,936 classifier accuracy
[1.0, 0.933, 0.867, 1.0, 1.0, 0.941, 1.0, 1.0, 0.967, 0.933, 1.0, 1.0, 1.0]
2018-03-15 11:49:52,936 diversity
[-0.072, 0.049, -0.033, 0.008, 0.049, -0.008, 0.023, 0.031, 0.013, 0.011, 0.023, 0.023, 0.023]
2018-03-15 11:49:52,936 accuracy: 1.000000
2018-03-15 11:49:52,936 ********************    data:Breast     ECOC:Self_Adaption_ECOC F1 F2 or    *****************
2018-03-15 11:49:54,017 class cplx:
{'ERBB2': 8.7212442382866197e-05, 'basal': 2426357485.4763875, 'cell_lines': 8.2857379783205945e+34, 'lumina': 19860.489738798664, 'normal': 2.758412135637314e-13}
2018-03-15 11:49:54,017 var:1098455261526147992056930749509135230627351645194938371839346897584128.000000 mean:16571475956641189006032361167519744.000000
2018-03-15 11:49:54,017 botttom th:16571475956641189006032361167519744.000000 top th:33142951913282378012064722335039488.000000
2018-03-15 11:49:54,017 column num:2
2018-03-15 11:49:54,019 merged matrix:
[[-1.  0.  1.  0. -1.  0. -1.  1.]
 [ 1. -1.  0.  0. -1.  0. -1. -1.]
 [-1.  0. -1. -1. -1.  0.  1.  0.]
 [ 1.  1.  0.  0.  1. -1.  0.  0.]
 [-1.  0. -1.  1.  1.  1.  0.  0.]]
2018-03-15 11:49:56,746 1.create matrix:
[[-1.  0.  1.  0. -1.  0. -1.  1.  0.  1.  0.  1.  1.  1. -1.]
 [ 1. -1.  0.  0. -1.  0. -1. -1. -1.  0.  0. -1.  0.  0.  0.]
 [-1.  0. -1. -1. -1.  0.  1.  0.  0. -1.  0.  1.  0. -1.  0.]
 [ 1.  1.  0.  0.  1. -1.  0.  0.  1.  0. -1.  0. -1.  0.  0.]
 [-1.  0. -1.  1.  1.  1.  0.  0.  0.  1.  1.  0.  1.  1.  1.]]
2018-03-15 11:49:56,750 2.remove reverse matrix:
[[-1.  0.  1.  0. -1.  0. -1.  1.  0.  1.  0.  1.  1.  1. -1.]
 [ 1. -1.  0.  0. -1.  0. -1. -1. -1.  0.  0. -1.  0.  0.  0.]
 [-1.  0. -1. -1. -1.  0.  1.  0.  0. -1.  0.  1.  0. -1.  0.]
 [ 1.  1.  0.  0.  1. -1.  0.  0.  1.  0. -1.  0. -1.  0.  0.]
 [-1.  0. -1.  1.  1.  1.  0.  0.  0.  1.  1.  0.  1.  1.  1.]]
2018-03-15 11:49:56,753 3.remove duplicate matrix:
[[-1.  0.  1.  0. -1.  0. -1.  1.  0.  1.  0.  1.  1.  1. -1.]
 [ 1. -1.  0.  0. -1.  0. -1. -1. -1.  0.  0. -1.  0.  0.  0.]
 [-1.  0. -1. -1. -1.  0.  1.  0.  0. -1.  0.  1.  0. -1.  0.]
 [ 1.  1.  0.  0.  1. -1.  0.  0.  1.  0. -1.  0. -1.  0.  0.]
 [-1.  0. -1.  1.  1.  1.  0.  0.  0.  1.  1.  0.  1.  1.  1.]]
2018-03-15 11:49:56,756 4.remove unfit matrix:
[[-1.  0.  1.  0. -1.  0. -1.  1.  0.  1.  0.  1.  1.  1. -1.]
 [ 1. -1.  0.  0. -1.  0. -1. -1. -1.  0.  0. -1.  0.  0.  0.]
 [-1.  0. -1. -1. -1.  0.  1.  0.  0. -1.  0.  1.  0. -1.  0.]
 [ 1.  1.  0.  0.  1. -1.  0.  0.  1.  0. -1.  0. -1.  0.  0.]
 [-1.  0. -1.  1.  1.  1.  0.  0.  0.  1.  1.  0.  1.  1.  1.]]
2018-03-15 11:49:56,770 Self_Adaption_ECOC F1 F2 or Matrix:
[[-1.  0.  1.  0. -1.  0. -1.  1.  0.  1.  0.  1.  1.  1. -1.]
 [ 1. -1.  0.  0. -1.  0. -1. -1. -1.  0.  0. -1.  0.  0.  0.]
 [-1.  0. -1. -1. -1.  0.  1.  0.  0. -1.  0.  1.  0. -1.  0.]
 [ 1.  1.  0.  0.  1. -1.  0.  0.  1.  0. -1.  0. -1.  0.  0.]
 [-1.  0. -1.  1.  1.  1.  0.  0.  0.  1.  1.  0.  1.  1.  1.]]
2018-03-15 11:49:56,914 classifier accuracy
[1.0, 0.933, 0.867, 1.0, 1.0, 0.941, 1.0, 1.0, 0.933, 1.0, 0.941, 0.923, 1.0, 1.0, 1.0]
2018-03-15 11:49:56,914 diversity
[-0.049, 0.155, -0.005, 0.212, 0.196, 0.123, -0.212, 0.129, 0.155, 0.138, 0.123, 0.155, 0.055, 0.138, -0.032]
2018-03-15 11:49:56,914 accuracy: 0.967000
2018-03-15 11:49:56,914 Breast res are:
2018-03-15 11:49:56,914 [1.0, 1.0, 0.93300000000000005, 0.93300000000000005, 1.0, 0.96699999999999997]
2018-03-15 11:49:56,957 
 
 feature size: 473
2018-03-15 11:49:56,957 ********************    data:Cancers    ECOC:Self_Adaption_ECOC F1 F2 +    *****************
2018-03-15 11:50:00,257 class cplx:
{'PR': 5.9835645794362729e-132, 'LU_A': 5.0147778692907834e-07, 'CO': 3.2180856784677684e-21, 'BR': 1.8754402003346297e-37, 'KI': 3.5571834099235335e-92, 'LI': 28564589.60700028, 'LU_S': 3.8882514919224617e-34, 'GA': 5.3711659643066908e-25, 'OV': 3.1345953981394306e-06}
2018-03-15 11:50:00,259 var:80586249818896.031250 mean:3173843.289667
2018-03-15 11:50:00,259 botttom th:3173843.289667 top th:6347686.579334
2018-03-15 11:50:00,259 column num:2
2018-03-15 11:50:00,262 merged matrix:
[[ 1.  1.  0. -1.  0.  0.  0.  0.  1.  1.  0. -1.  0.  0.  0.  0.]
 [-1.  0. -1.  0.  0.  0. -1. -1.  1. -1.  0.  0. -1.  0.  0.  0.]
 [ 1. -1.  0.  0. -1.  0.  0.  0. -1.  0.  1.  0.  0. -1.  0.  0.]
 [-1.  0. -1.  0.  0.  0.  1.  0. -1.  0. -1.  0.  0.  0. -1. -1.]
 [ 1.  1.  0.  1.  0.  0.  0.  0. -1.  0.  1.  0.  0.  1.  0.  0.]
 [ 1. -1.  0.  0.  1.  0.  0.  0.  1. -1.  0.  0.  1.  0.  0.  0.]
 [-1.  0.  1.  0.  0.  1.  0.  0. -1.  0. -1.  0.  0.  0. -1.  1.]
 [-1.  0.  1.  0.  0. -1.  0.  0. -1.  0. -1.  0.  0.  0.  1.  0.]
 [-1.  0. -1.  0.  0.  0. -1.  1.  1.  1.  0.  1.  0.  0.  0.  0.]]
2018-03-15 11:50:06,812 1.create matrix:
[[ 1.  1.  0. -1.  0.  0.  0.  0.  1.  1.  0. -1.  0.  0.  0.  0. -1. -1.
   0.  0. -1. -1.  0.  0.  1.  0.  1.  0.  1.  1. -1.]
 [-1.  0. -1.  0.  0.  0. -1. -1.  1. -1.  0.  0. -1.  0.  0.  0. -1. -1.
   0. -1.  0.  0. -1.  0.  1. -1.  0. -1.  0. -1. -1.]
 [ 1. -1.  0.  0. -1.  0.  0.  0. -1.  0.  1.  0.  0. -1.  0.  0.  0.  0.
  -1.  0. -1.  1. -1.  0.  0. -1.  0. -1. -1. -1.  1.]
 [-1.  0. -1.  0.  0.  0.  1.  0. -1.  0. -1.  0.  0.  0. -1. -1. -1. -1.
   0.  1. -1. -1.  0.  1.  1.  1.  1.  1. -1. -1.  1.]
 [ 1.  1.  0.  1.  0.  0.  0.  0. -1.  0.  1.  0.  0.  1.  0.  0.  1.  1.
   0.  0.  1.  1.  1.  0. -1.  0. -1.  1. -1.  0. -1.]
 [ 1. -1.  0.  0.  1.  0.  0.  0.  1. -1.  0.  0.  1.  0.  0.  0.  0.  0.
   1.  0.  0.  0.  1.  0.  0.  1.  0.  1.  1.  1. -1.]
 [-1.  0.  1.  0.  0.  1.  0.  0. -1.  0. -1.  0.  0.  0. -1.  1. -1.  1.
   1.  0. -1. -1.  0.  0.  0.  1.  1.  0.  1.  1. -1.]
 [-1.  0.  1.  0.  0. -1.  0.  0. -1.  0. -1.  0.  0.  0.  1.  0. -1.  1.
  -1.  0. -1. -1.  0. -1.  0. -1.  1. -1. -1.  0. -1.]
 [-1.  0. -1.  0.  0.  0. -1.  1.  1.  1.  0.  1.  0.  0.  0.  0. -1. -1.
   0.  0. -1.  1.  0.  0.  1.  0.  0.  0.  1.  0.  1.]]
2018-03-15 11:50:06,826 2.remove reverse matrix:
[[ 1.  1.  0. -1.  0.  0.  0.  0.  1.  1.  0. -1.  0.  0.  0.  0. -1. -1.
   0.  0. -1. -1.  0.  0.  1.  0.  1.  0.  1.  1. -1.]
 [-1.  0. -1.  0.  0.  0. -1. -1.  1. -1.  0.  0. -1.  0.  0.  0. -1. -1.
   0. -1.  0.  0. -1.  0.  1. -1.  0. -1.  0. -1. -1.]
 [ 1. -1.  0.  0. -1.  0.  0.  0. -1.  0.  1.  0.  0. -1.  0.  0.  0.  0.
  -1.  0. -1.  1. -1.  0.  0. -1.  0. -1. -1. -1.  1.]
 [-1.  0. -1.  0.  0.  0.  1.  0. -1.  0. -1.  0.  0.  0. -1. -1. -1. -1.
   0.  1. -1. -1.  0.  1.  1.  1.  1.  1. -1. -1.  1.]
 [ 1.  1.  0.  1.  0.  0.  0.  0. -1.  0.  1.  0.  0.  1.  0.  0.  1.  1.
   0.  0.  1.  1.  1.  0. -1.  0. -1.  1. -1.  0. -1.]
 [ 1. -1.  0.  0.  1.  0.  0.  0.  1. -1.  0.  0.  1.  0.  0.  0.  0.  0.
   1.  0.  0.  0.  1.  0.  0.  1.  0.  1.  1.  1. -1.]
 [-1.  0.  1.  0.  0.  1.  0.  0. -1.  0. -1.  0.  0.  0. -1.  1. -1.  1.
   1.  0. -1. -1.  0.  0.  0.  1.  1.  0.  1.  1. -1.]
 [-1.  0.  1.  0.  0. -1.  0.  0. -1.  0. -1.  0.  0.  0.  1.  0. -1.  1.
  -1.  0. -1. -1.  0. -1.  0. -1.  1. -1. -1.  0. -1.]
 [-1.  0. -1.  0.  0.  0. -1.  1.  1.  1.  0.  1.  0.  0.  0.  0. -1. -1.
   0.  0. -1.  1.  0.  0.  1.  0.  0.  0.  1.  0.  1.]]
2018-03-15 11:50:06,835 3.remove duplicate matrix:
[[ 1.  1.  0. -1.  0.  0.  0.  0.  1.  1.  0. -1.  0.  0.  0.  0. -1. -1.
   0.  0. -1. -1.  0.  0.  1.  0.  1.  0.  1.  1. -1.]
 [-1.  0. -1.  0.  0.  0. -1. -1.  1. -1.  0.  0. -1.  0.  0.  0. -1. -1.
   0. -1.  0.  0. -1.  0.  1. -1.  0. -1.  0. -1. -1.]
 [ 1. -1.  0.  0. -1.  0.  0.  0. -1.  0.  1.  0.  0. -1.  0.  0.  0.  0.
  -1.  0. -1.  1. -1.  0.  0. -1.  0. -1. -1. -1.  1.]
 [-1.  0. -1.  0.  0.  0.  1.  0. -1.  0. -1.  0.  0.  0. -1. -1. -1. -1.
   0.  1. -1. -1.  0.  1.  1.  1.  1.  1. -1. -1.  1.]
 [ 1.  1.  0.  1.  0.  0.  0.  0. -1.  0.  1.  0.  0.  1.  0.  0.  1.  1.
   0.  0.  1.  1.  1.  0. -1.  0. -1.  1. -1.  0. -1.]
 [ 1. -1.  0.  0.  1.  0.  0.  0.  1. -1.  0.  0.  1.  0.  0.  0.  0.  0.
   1.  0.  0.  0.  1.  0.  0.  1.  0.  1.  1.  1. -1.]
 [-1.  0.  1.  0.  0.  1.  0.  0. -1.  0. -1.  0.  0.  0. -1.  1. -1.  1.
   1.  0. -1. -1.  0.  0.  0.  1.  1.  0.  1.  1. -1.]
 [-1.  0.  1.  0.  0. -1.  0.  0. -1.  0. -1.  0.  0.  0.  1.  0. -1.  1.
  -1.  0. -1. -1.  0. -1.  0. -1.  1. -1. -1.  0. -1.]
 [-1.  0. -1.  0.  0.  0. -1.  1.  1.  1.  0.  1.  0.  0.  0.  0. -1. -1.
   0.  0. -1.  1.  0.  0.  1.  0.  0.  0.  1.  0.  1.]]
2018-03-15 11:50:06,845 4.remove unfit matrix:
[[ 1.  1.  0. -1.  0.  0.  0.  0.  1.  1.  0. -1.  0.  0.  0.  0. -1. -1.
   0.  0. -1. -1.  0.  0.  1.  0.  1.  0.  1.  1. -1.]
 [-1.  0. -1.  0.  0.  0. -1. -1.  1. -1.  0.  0. -1.  0.  0.  0. -1. -1.
   0. -1.  0.  0. -1.  0.  1. -1.  0. -1.  0. -1. -1.]
 [ 1. -1.  0.  0. -1.  0.  0.  0. -1.  0.  1.  0.  0. -1.  0.  0.  0.  0.
  -1.  0. -1.  1. -1.  0.  0. -1.  0. -1. -1. -1.  1.]
 [-1.  0. -1.  0.  0.  0.  1.  0. -1.  0. -1.  0.  0.  0. -1. -1. -1. -1.
   0.  1. -1. -1.  0.  1.  1.  1.  1.  1. -1. -1.  1.]
 [ 1.  1.  0.  1.  0.  0.  0.  0. -1.  0.  1.  0.  0.  1.  0.  0.  1.  1.
   0.  0.  1.  1.  1.  0. -1.  0. -1.  1. -1.  0. -1.]
 [ 1. -1.  0.  0.  1.  0.  0.  0.  1. -1.  0.  0.  1.  0.  0.  0.  0.  0.
   1.  0.  0.  0.  1.  0.  0.  1.  0.  1.  1.  1. -1.]
 [-1.  0.  1.  0.  0.  1.  0.  0. -1.  0. -1.  0.  0.  0. -1.  1. -1.  1.
   1.  0. -1. -1.  0.  0.  0.  1.  1.  0.  1.  1. -1.]
 [-1.  0.  1.  0.  0. -1.  0.  0. -1.  0. -1.  0.  0.  0.  1.  0. -1.  1.
  -1.  0. -1. -1.  0. -1.  0. -1.  1. -1. -1.  0. -1.]
 [-1.  0. -1.  0.  0.  0. -1.  1.  1.  1.  0.  1.  0.  0.  0.  0. -1. -1.
   0.  0. -1.  1.  0.  0.  1.  0.  0.  0.  1.  0.  1.]]
2018-03-15 11:50:06,930 Self_Adaption_ECOC F1 F2 + Matrix:
[[ 1.  1.  0. -1.  0.  0.  0.  0.  1.  1.  0. -1.  0.  0.  0.  0. -1. -1.
   0.  0. -1. -1.  0.  0.  1.  0.  1.  0.  1.  1. -1.]
 [-1.  0. -1.  0.  0.  0. -1. -1.  1. -1.  0.  0. -1.  0.  0.  0. -1. -1.
   0. -1.  0.  0. -1.  0.  1. -1.  0. -1.  0. -1. -1.]
 [ 1. -1.  0.  0. -1.  0.  0.  0. -1.  0.  1.  0.  0. -1.  0.  0.  0.  0.
  -1.  0. -1.  1. -1.  0.  0. -1.  0. -1. -1. -1.  1.]
 [-1.  0. -1.  0.  0.  0.  1.  0. -1.  0. -1.  0.  0.  0. -1. -1. -1. -1.
   0.  1. -1. -1.  0.  1.  1.  1.  1.  1. -1. -1.  1.]
 [ 1.  1.  0.  1.  0.  0.  0.  0. -1.  0.  1.  0.  0.  1.  0.  0.  1.  1.
   0.  0.  1.  1.  1.  0. -1.  0. -1.  1. -1.  0. -1.]
 [ 1. -1.  0.  0.  1.  0.  0.  0.  1. -1.  0.  0.  1.  0.  0.  0.  0.  0.
   1.  0.  0.  0.  1.  0.  0.  1.  0.  1.  1.  1. -1.]
 [-1.  0.  1.  0.  0.  1.  0.  0. -1.  0. -1.  0.  0.  0. -1.  1. -1.  1.
   1.  0. -1. -1.  0.  0.  0.  1.  1.  0.  1.  1. -1.]
 [-1.  0.  1.  0.  0. -1.  0.  0. -1.  0. -1.  0.  0.  0.  1.  0. -1.  1.
  -1.  0. -1. -1.  0. -1.  0. -1.  1. -1. -1.  0. -1.]
 [-1.  0. -1.  0.  0.  0. -1.  1.  1.  1.  0.  1.  0.  0.  0.  0. -1. -1.
   0.  0. -1.  1.  0.  0.  1.  0.  0.  0.  1.  0.  1.]]
2018-03-15 11:50:07,598 classifier accuracy
[0.973, 0.952, 1.0, 0.933, 0.833, 1.0, 0.966, 0.964, 0.865, 0.936, 0.926, 0.967, 1.0, 0.5, 0.92, 1.0, 0.985, 0.941, 0.967, 1.0, 0.982, 0.965, 0.947, 1.0, 0.977, 0.977, 0.975, 0.974, 0.903, 0.949, 0.959]
2018-03-15 11:50:07,598 diversity
[-0.011, -0.042, -0.024, 0.0, 0.069, 0.009, 0.0, 0.089, -0.018, 0.053, -0.125, 0.089, 0.07, 0.0, -0.063, -0.066, 0.0, -0.021, 0.076, 0.042, 0.0, -0.022, 0.08, 0.07, 0.0, 0.102, 0.0, 0.118, 0.099, 0.05, 0.089]
2018-03-15 11:50:07,598 accuracy: 0.932000
2018-03-15 11:50:07,598 ********************    data:Cancers    ECOC:Self_Adaption_ECOC F1 F2 -    *****************
2018-03-15 11:50:10,897 class cplx:
{'PR': 5.9835645794362729e-132, 'LU_A': 5.0147778692907834e-07, 'CO': 3.2180856784677684e-21, 'BR': 1.8754402003346297e-37, 'KI': 3.5571834099235335e-92, 'LI': 28564589.60700028, 'LU_S': 3.8882514919224617e-34, 'GA': 5.3711659643066908e-25, 'OV': 3.1345953981394306e-06}
2018-03-15 11:50:10,897 var:80586249818896.031250 mean:3173843.289667
2018-03-15 11:50:10,898 botttom th:3173843.289667 top th:6347686.579334
2018-03-15 11:50:10,898 column num:2
2018-03-15 11:50:10,901 merged matrix:
[[ 1.  1.  0. -1.  0.  0.  0.  0.  1.  1.  0. -1.  0.  0.  0.  0.]
 [-1.  0. -1.  0.  0.  0. -1. -1.  1. -1.  0.  0. -1.  0.  0.  0.]
 [ 1. -1.  0.  0. -1.  0.  0.  0. -1.  0.  1.  0.  0. -1.  0.  0.]
 [-1.  0. -1.  0.  0.  0.  1.  0. -1.  0. -1.  0.  0.  0. -1. -1.]
 [ 1.  1.  0.  1.  0.  0.  0.  0. -1.  0.  1.  0.  0.  1.  0.  0.]
 [ 1. -1.  0.  0.  1.  0.  0.  0.  1. -1.  0.  0.  1.  0.  0.  0.]
 [-1.  0.  1.  0.  0.  1.  0.  0. -1.  0. -1.  0.  0.  0. -1.  1.]
 [-1.  0.  1.  0.  0. -1.  0.  0. -1.  0. -1.  0.  0.  0.  1.  0.]
 [-1.  0. -1.  0.  0.  0. -1.  1.  1.  1.  0.  1.  0.  0.  0.  0.]]
2018-03-15 11:50:17,292 1.create matrix:
[[ 1.  1.  0. -1.  0.  0.  0.  0.  1.  1.  0. -1.  0.  0.  0.  0.  0.  1.
   0.  0.  0.  1.  0.  0. -1.  0. -1.  0. -1. -1.  0.]
 [-1.  0. -1.  0.  0.  0. -1. -1.  1. -1.  0.  0. -1.  0.  0.  0. -1. -1.
   0.  0. -1.  0. -1.  0.  0.  0. -1. -1.  0.  0.  0.]
 [ 1. -1.  0.  0. -1.  0.  0.  0. -1.  0.  1.  0.  0. -1.  0.  0. -1.  0.
  -1.  0. -1.  1.  1.  0. -1. -1.  1.  1.  0.  0.  0.]
 [-1.  0. -1.  0.  0.  0.  1.  0. -1.  0. -1.  0.  0.  0. -1. -1. -1. -1.
   0. -1. -1. -1.  0.  0.  0.  1.  0.  0. -1.  0. -1.]
 [ 1.  1.  0.  1.  0.  0.  0.  0. -1.  0.  1.  0.  0.  1.  0.  0.  0. -1.
   0.  0.  1.  1. -1.  0.  1.  0.  0. -1.  1.  1.  0.]
 [ 1. -1.  0.  0.  1.  0.  0.  0.  1. -1.  0.  0.  1.  0.  0.  0. -1.  0.
   1.  0. -1.  0.  1.  0. -1.  1. -1.  1.  1.  1.  0.]
 [-1.  0.  1.  0.  0.  1.  0.  0. -1.  0. -1.  0.  0.  0. -1.  1. -1.  1.
  -1.  0. -1. -1.  0.  1.  1. -1.  0. -1. -1.  1.  1.]
 [-1.  0.  1.  0.  0. -1.  0.  0. -1.  0. -1.  0.  0.  0.  1.  0.  1.  1.
   1.  0. -1. -1.  0. -1.  0.  1.  0.  1. -1. -1.  0.]
 [-1.  0. -1.  0.  0.  0. -1.  1.  1.  1.  0.  1.  0.  0.  0.  0. -1. -1.
   0.  1.  0. -1.  0.  0.  0. -1.  1.  0.  1.  1.  0.]]
2018-03-15 11:50:17,306 2.remove reverse matrix:
[[ 1.  1.  0. -1.  0.  0.  0.  0.  1.  1.  0. -1.  0.  0.  0.  0.  0.  1.
   0.  0.  0.  1.  0.  0. -1.  0. -1.  0. -1. -1.  0.]
 [-1.  0. -1.  0.  0.  0. -1. -1.  1. -1.  0.  0. -1.  0.  0.  0. -1. -1.
   0.  0. -1.  0. -1.  0.  0.  0. -1. -1.  0.  0.  0.]
 [ 1. -1.  0.  0. -1.  0.  0.  0. -1.  0.  1.  0.  0. -1.  0.  0. -1.  0.
  -1.  0. -1.  1.  1.  0. -1. -1.  1.  1.  0.  0.  0.]
 [-1.  0. -1.  0.  0.  0.  1.  0. -1.  0. -1.  0.  0.  0. -1. -1. -1. -1.
   0. -1. -1. -1.  0.  0.  0.  1.  0.  0. -1.  0. -1.]
 [ 1.  1.  0.  1.  0.  0.  0.  0. -1.  0.  1.  0.  0.  1.  0.  0.  0. -1.
   0.  0.  1.  1. -1.  0.  1.  0.  0. -1.  1.  1.  0.]
 [ 1. -1.  0.  0.  1.  0.  0.  0.  1. -1.  0.  0.  1.  0.  0.  0. -1.  0.
   1.  0. -1.  0.  1.  0. -1.  1. -1.  1.  1.  1.  0.]
 [-1.  0.  1.  0.  0.  1.  0.  0. -1.  0. -1.  0.  0.  0. -1.  1. -1.  1.
  -1.  0. -1. -1.  0.  1.  1. -1.  0. -1. -1.  1.  1.]
 [-1.  0.  1.  0.  0. -1.  0.  0. -1.  0. -1.  0.  0.  0.  1.  0.  1.  1.
   1.  0. -1. -1.  0. -1.  0.  1.  0.  1. -1. -1.  0.]
 [-1.  0. -1.  0.  0.  0. -1.  1.  1.  1.  0.  1.  0.  0.  0.  0. -1. -1.
   0.  1.  0. -1.  0.  0.  0. -1.  1.  0.  1.  1.  0.]]
2018-03-15 11:50:17,315 3.remove duplicate matrix:
[[ 1.  1.  0. -1.  0.  0.  0.  0.  1.  1.  0. -1.  0.  0.  0.  0.  0.  1.
   0.  0.  0.  1.  0.  0. -1.  0. -1.  0. -1. -1.  0.]
 [-1.  0. -1.  0.  0.  0. -1. -1.  1. -1.  0.  0. -1.  0.  0.  0. -1. -1.
   0.  0. -1.  0. -1.  0.  0.  0. -1. -1.  0.  0.  0.]
 [ 1. -1.  0.  0. -1.  0.  0.  0. -1.  0.  1.  0.  0. -1.  0.  0. -1.  0.
  -1.  0. -1.  1.  1.  0. -1. -1.  1.  1.  0.  0.  0.]
 [-1.  0. -1.  0.  0.  0.  1.  0. -1.  0. -1.  0.  0.  0. -1. -1. -1. -1.
   0. -1. -1. -1.  0.  0.  0.  1.  0.  0. -1.  0. -1.]
 [ 1.  1.  0.  1.  0.  0.  0.  0. -1.  0.  1.  0.  0.  1.  0.  0.  0. -1.
   0.  0.  1.  1. -1.  0.  1.  0.  0. -1.  1.  1.  0.]
 [ 1. -1.  0.  0.  1.  0.  0.  0.  1. -1.  0.  0.  1.  0.  0.  0. -1.  0.
   1.  0. -1.  0.  1.  0. -1.  1. -1.  1.  1.  1.  0.]
 [-1.  0.  1.  0.  0.  1.  0.  0. -1.  0. -1.  0.  0.  0. -1.  1. -1.  1.
  -1.  0. -1. -1.  0.  1.  1. -1.  0. -1. -1.  1.  1.]
 [-1.  0.  1.  0.  0. -1.  0.  0. -1.  0. -1.  0.  0.  0.  1.  0.  1.  1.
   1.  0. -1. -1.  0. -1.  0.  1.  0.  1. -1. -1.  0.]
 [-1.  0. -1.  0.  0.  0. -1.  1.  1.  1.  0.  1.  0.  0.  0.  0. -1. -1.
   0.  1.  0. -1.  0.  0.  0. -1.  1.  0.  1.  1.  0.]]
2018-03-15 11:50:17,322 4.remove unfit matrix:
[[ 1.  1.  0. -1.  0.  0.  0.  0.  1.  1.  0. -1.  0.  0.  0.  0.  0.  1.
   0.  0.  0.  1.  0.  0. -1.  0. -1.  0. -1. -1.  0.]
 [-1.  0. -1.  0.  0.  0. -1. -1.  1. -1.  0.  0. -1.  0.  0.  0. -1. -1.
   0.  0. -1.  0. -1.  0.  0.  0. -1. -1.  0.  0.  0.]
 [ 1. -1.  0.  0. -1.  0.  0.  0. -1.  0.  1.  0.  0. -1.  0.  0. -1.  0.
  -1.  0. -1.  1.  1.  0. -1. -1.  1.  1.  0.  0.  0.]
 [-1.  0. -1.  0.  0.  0.  1.  0. -1.  0. -1.  0.  0.  0. -1. -1. -1. -1.
   0. -1. -1. -1.  0.  0.  0.  1.  0.  0. -1.  0. -1.]
 [ 1.  1.  0.  1.  0.  0.  0.  0. -1.  0.  1.  0.  0.  1.  0.  0.  0. -1.
   0.  0.  1.  1. -1.  0.  1.  0.  0. -1.  1.  1.  0.]
 [ 1. -1.  0.  0.  1.  0.  0.  0.  1. -1.  0.  0.  1.  0.  0.  0. -1.  0.
   1.  0. -1.  0.  1.  0. -1.  1. -1.  1.  1.  1.  0.]
 [-1.  0.  1.  0.  0.  1.  0.  0. -1.  0. -1.  0.  0.  0. -1.  1. -1.  1.
  -1.  0. -1. -1.  0.  1.  1. -1.  0. -1. -1.  1.  1.]
 [-1.  0.  1.  0.  0. -1.  0.  0. -1.  0. -1.  0.  0.  0.  1.  0.  1.  1.
   1.  0. -1. -1.  0. -1.  0.  1.  0.  1. -1. -1.  0.]
 [-1.  0. -1.  0.  0.  0. -1.  1.  1.  1.  0.  1.  0.  0.  0.  0. -1. -1.
   0.  1.  0. -1.  0.  0.  0. -1.  1.  0.  1.  1.  0.]]
2018-03-15 11:50:17,394 Self_Adaption_ECOC F1 F2 - Matrix:
[[ 1.  1.  0. -1.  0.  0.  0.  0.  1.  1.  0. -1.  0.  0.  0.  0.  0.  1.
   0.  0.  0.  1.  0.  0. -1.  0. -1.  0. -1. -1.  0.]
 [-1.  0. -1.  0.  0.  0. -1. -1.  1. -1.  0.  0. -1.  0.  0.  0. -1. -1.
   0.  0. -1.  0. -1.  0.  0.  0. -1. -1.  0.  0.  0.]
 [ 1. -1.  0.  0. -1.  0.  0.  0. -1.  0.  1.  0.  0. -1.  0.  0. -1.  0.
  -1.  0. -1.  1.  1.  0. -1. -1.  1.  1.  0.  0.  0.]
 [-1.  0. -1.  0.  0.  0.  1.  0. -1.  0. -1.  0.  0.  0. -1. -1. -1. -1.
   0. -1. -1. -1.  0.  0.  0.  1.  0.  0. -1.  0. -1.]
 [ 1.  1.  0.  1.  0.  0.  0.  0. -1.  0.  1.  0.  0.  1.  0.  0.  0. -1.
   0.  0.  1.  1. -1.  0.  1.  0.  0. -1.  1.  1.  0.]
 [ 1. -1.  0.  0.  1.  0.  0.  0.  1. -1.  0.  0.  1.  0.  0.  0. -1.  0.
   1.  0. -1.  0.  1.  0. -1.  1. -1.  1.  1.  1.  0.]
 [-1.  0.  1.  0.  0.  1.  0.  0. -1.  0. -1.  0.  0.  0. -1.  1. -1.  1.
  -1.  0. -1. -1.  0.  1.  1. -1.  0. -1. -1.  1.  1.]
 [-1.  0.  1.  0.  0. -1.  0.  0. -1.  0. -1.  0.  0.  0.  1.  0.  1.  1.
   1.  0. -1. -1.  0. -1.  0.  1.  0.  1. -1. -1.  0.]
 [-1.  0. -1.  0.  0.  0. -1.  1.  1.  1.  0.  1.  0.  0.  0.  0. -1. -1.
   0.  1.  0. -1.  0.  0.  0. -1.  1.  0.  1.  1.  0.]]
2018-03-15 11:50:18,076 classifier accuracy
[0.973, 0.952, 1.0, 0.933, 0.833, 1.0, 0.966, 0.964, 0.865, 0.936, 0.926, 0.967, 1.0, 0.5, 0.92, 1.0, 0.712, 0.985, 0.967, 1.0, 0.977, 0.947, 0.947, 1.0, 0.889, 0.957, 0.979, 0.953, 0.951, 0.967, 1.0]
2018-03-15 11:50:18,076 diversity
[0.002, -0.008, -0.015, 0.0, 0.016, -0.007, 0.0, 0.065, -0.025, 0.053, -0.103, 0.065, 0.059, 0.0, -0.043, -0.023, -0.001, 0.005, 0.037, 0.061, 0.0, -0.073, 0.062, -0.007, -0.018, -0.022, 0.061, 0.073, 0.044, -0.057, -0.023]
2018-03-15 11:50:18,076 accuracy: 0.932000
2018-03-15 11:50:18,078 ********************    data:Cancers    ECOC:Self_Adaption_ECOC F1 F2 *    *****************
2018-03-15 11:50:21,365 class cplx:
{'PR': 5.9835645794362729e-132, 'LU_A': 5.0147778692907834e-07, 'CO': 3.2180856784677684e-21, 'BR': 1.8754402003346297e-37, 'KI': 3.5571834099235335e-92, 'LI': 28564589.60700028, 'LU_S': 3.8882514919224617e-34, 'GA': 5.3711659643066908e-25, 'OV': 3.1345953981394306e-06}
2018-03-15 11:50:21,365 var:80586249818896.031250 mean:3173843.289667
2018-03-15 11:50:21,365 botttom th:3173843.289667 top th:6347686.579334
2018-03-15 11:50:21,365 column num:2
2018-03-15 11:50:21,368 merged matrix:
[[ 1.  1.  0. -1.  0.  0.  0.  0.  1.  1.  0. -1.  0.  0.  0.  0.]
 [-1.  0. -1.  0.  0.  0. -1. -1.  1. -1.  0.  0. -1.  0.  0.  0.]
 [ 1. -1.  0.  0. -1.  0.  0.  0. -1.  0.  1.  0.  0. -1.  0.  0.]
 [-1.  0. -1.  0.  0.  0.  1.  0. -1.  0. -1.  0.  0.  0. -1. -1.]
 [ 1.  1.  0.  1.  0.  0.  0.  0. -1.  0.  1.  0.  0.  1.  0.  0.]
 [ 1. -1.  0.  0.  1.  0.  0.  0.  1. -1.  0.  0.  1.  0.  0.  0.]
 [-1.  0.  1.  0.  0.  1.  0.  0. -1.  0. -1.  0.  0.  0. -1.  1.]
 [-1.  0.  1.  0.  0. -1.  0.  0. -1.  0. -1.  0.  0.  0.  1.  0.]
 [-1.  0. -1.  0.  0.  0. -1.  1.  1.  1.  0.  1.  0.  0.  0.  0.]]
2018-03-15 11:50:21,380 1.create matrix:
[[ 1.  1.  0. -1.  0.  0.  0.  0.  1.  1.  0. -1.  0.  0.  0.  0.  1.  0.
   0.  0.  1.  0.  0.  0.  0.  0.  0.  0.  0.  0.  0.]
 [-1.  0. -1.  0.  0.  0. -1. -1.  1. -1.  0.  0. -1.  0.  0.  0.  0.  0.
   0.  1. -1.  0.  0.  0.  0.  0.  0.  0.  0.  0.  0.]
 [ 1. -1.  0.  0. -1.  0.  0.  0. -1.  0.  1.  0.  0. -1.  0.  0. -1.  0.
   0.  0.  0.  0.  0.  0.  0.  0.  0.  0.  0.  0.  0.]
 [-1.  0. -1.  0.  0.  0.  1.  0. -1.  0. -1.  0.  0.  0. -1. -1.  0.  0.
   0.  0.  0.  0.  0.  1.  0.  0.  0.  0.  0.  0.  0.]
 [ 1.  1.  0.  1.  0.  0.  0.  0. -1.  0.  1.  0.  0.  1.  0.  0.  1.  0.
   0.  0.  0.  0.  0.  0.  0.  0.  0.  0.  0.  0.  0.]
 [ 1. -1.  0.  0.  1.  0.  0.  0.  1. -1.  0.  0.  1.  0.  0.  0. -1.  0.
   0.  0. -1.  0.  0.  0.  0.  0.  0.  0.  0.  0.  0.]
 [-1.  0.  1.  0.  0.  1.  0.  0. -1.  0. -1.  0.  0.  0. -1.  1.  0.  0.
   0.  0.  0.  0.  0. -1.  0.  0.  0.  0.  0.  0.  0.]
 [-1.  0.  1.  0.  0. -1.  0.  0. -1.  0. -1.  0.  0.  0.  1.  0.  0.  0.
   0.  0.  0.  0.  0.  0.  0.  0.  0.  0.  0.  0.  0.]
 [-1.  0. -1.  0.  0.  0. -1.  1.  1.  1.  0.  1.  0.  0.  0.  0.  0.  0.
   0. -1.  1.  0.  0.  0.  0.  0.  0.  0.  0.  0.  0.]]
2018-03-15 11:50:21,391 2.remove reverse matrix:
[[ 1.  1.  0. -1.  0.  0.  0.  0.  1.  1.  0. -1.  0.  0.  0.  0.  1.  0.
   1.]
 [-1.  0. -1.  0.  0.  0. -1. -1.  1. -1.  0.  0. -1.  0.  0.  0.  0.  0.
  -1.]
 [ 1. -1.  0.  0. -1.  0.  0.  0. -1.  0.  1.  0.  0. -1.  0.  0. -1.  0.
   0.]
 [-1.  0. -1.  0.  0.  0.  1.  0. -1.  0. -1.  0.  0.  0. -1. -1.  0.  0.
   0.]
 [ 1.  1.  0.  1.  0.  0.  0.  0. -1.  0.  1.  0.  0.  1.  0.  0.  1.  0.
   0.]
 [ 1. -1.  0.  0.  1.  0.  0.  0.  1. -1.  0.  0.  1.  0.  0.  0. -1.  0.
  -1.]
 [-1.  0.  1.  0.  0.  1.  0.  0. -1.  0. -1.  0.  0.  0. -1.  1.  0.  0.
   0.]
 [-1.  0.  1.  0.  0. -1.  0.  0. -1.  0. -1.  0.  0.  0.  1.  0.  0.  0.
   0.]
 [-1.  0. -1.  0.  0.  0. -1.  1.  1.  1.  0.  1.  0.  0.  0.  0.  0.  0.
   1.]]
2018-03-15 11:50:21,397 3.remove duplicate matrix:
[[ 1.  1.  0. -1.  0.  0.  0.  0.  1.  1.  0. -1.  0.  0.  0.  0.  1.  0.
   1.]
 [-1.  0. -1.  0.  0.  0. -1. -1.  1. -1.  0.  0. -1.  0.  0.  0.  0.  0.
  -1.]
 [ 1. -1.  0.  0. -1.  0.  0.  0. -1.  0.  1.  0.  0. -1.  0.  0. -1.  0.
   0.]
 [-1.  0. -1.  0.  0.  0.  1.  0. -1.  0. -1.  0.  0.  0. -1. -1.  0.  0.
   0.]
 [ 1.  1.  0.  1.  0.  0.  0.  0. -1.  0.  1.  0.  0.  1.  0.  0.  1.  0.
   0.]
 [ 1. -1.  0.  0.  1.  0.  0.  0.  1. -1.  0.  0.  1.  0.  0.  0. -1.  0.
  -1.]
 [-1.  0.  1.  0.  0.  1.  0.  0. -1.  0. -1.  0.  0.  0. -1.  1.  0.  0.
   0.]
 [-1.  0.  1.  0.  0. -1.  0.  0. -1.  0. -1.  0.  0.  0.  1.  0.  0.  0.
   0.]
 [-1.  0. -1.  0.  0.  0. -1.  1.  1.  1.  0.  1.  0.  0.  0.  0.  0.  0.
   1.]]
2018-03-15 11:50:21,401 4.remove unfit matrix:
[[ 1.  1.  0. -1.  0.  0.  0.  0.  1.  1.  0. -1.  0.  0.  0.  0.  1.  1.]
 [-1.  0. -1.  0.  0.  0. -1. -1.  1. -1.  0.  0. -1.  0.  0.  0.  0. -1.]
 [ 1. -1.  0.  0. -1.  0.  0.  0. -1.  0.  1.  0.  0. -1.  0.  0. -1.  0.]
 [-1.  0. -1.  0.  0.  0.  1.  0. -1.  0. -1.  0.  0.  0. -1. -1.  0.  0.]
 [ 1.  1.  0.  1.  0.  0.  0.  0. -1.  0.  1.  0.  0.  1.  0.  0.  1.  0.]
 [ 1. -1.  0.  0.  1.  0.  0.  0.  1. -1.  0.  0.  1.  0.  0.  0. -1. -1.]
 [-1.  0.  1.  0.  0.  1.  0.  0. -1.  0. -1.  0.  0.  0. -1.  1.  0.  0.]
 [-1.  0.  1.  0.  0. -1.  0.  0. -1.  0. -1.  0.  0.  0.  1.  0.  0.  0.]
 [-1.  0. -1.  0.  0.  0. -1.  1.  1.  1.  0.  1.  0.  0.  0.  0.  0.  1.]]
2018-03-15 11:50:21,437 Self_Adaption_ECOC F1 F2 * Matrix:
[[ 1.  1.  0. -1.  0.  0.  0.  0.  1.  1.  0. -1.  0.  0.  0.  0.  1.  1.]
 [-1.  0. -1.  0.  0.  0. -1. -1.  1. -1.  0.  0. -1.  0.  0.  0.  0. -1.]
 [ 1. -1.  0.  0. -1.  0.  0.  0. -1.  0.  1.  0.  0. -1.  0.  0. -1.  0.]
 [-1.  0. -1.  0.  0.  0.  1.  0. -1.  0. -1.  0.  0.  0. -1. -1.  0.  0.]
 [ 1.  1.  0.  1.  0.  0.  0.  0. -1.  0.  1.  0.  0.  1.  0.  0.  1.  0.]
 [ 1. -1.  0.  0.  1.  0.  0.  0.  1. -1.  0.  0.  1.  0.  0.  0. -1. -1.]
 [-1.  0.  1.  0.  0.  1.  0.  0. -1.  0. -1.  0.  0.  0. -1.  1.  0.  0.]
 [-1.  0.  1.  0.  0. -1.  0.  0. -1.  0. -1.  0.  0.  0.  1.  0.  0.  0.]
 [-1.  0. -1.  0.  0.  0. -1.  1.  1.  1.  0.  1.  0.  0.  0.  0.  0.  1.]]
2018-03-15 11:50:21,756 classifier accuracy
[0.973, 0.952, 1.0, 0.933, 0.833, 1.0, 0.966, 0.964, 0.865, 0.936, 0.926, 0.967, 1.0, 0.5, 0.92, 1.0, 0.952, 0.936]
2018-03-15 11:50:21,756 diversity
[0.016, 0.076, -0.024, 0.0, -0.055, -0.063, 0.0, 0.028, -0.008, 0.118, -0.114, 0.028, 0.015, 0.0, -0.048, -0.041, 0.076, 0.118]
2018-03-15 11:50:21,756 accuracy: 0.905000
2018-03-15 11:50:21,756 ********************    data:Cancers    ECOC:Self_Adaption_ECOC F1 F2 /    *****************
2018-03-15 11:50:25,039 class cplx:
{'PR': 5.9835645794362729e-132, 'LU_A': 5.0147778692907834e-07, 'CO': 3.2180856784677684e-21, 'BR': 1.8754402003346297e-37, 'KI': 3.5571834099235335e-92, 'LI': 28564589.60700028, 'LU_S': 3.8882514919224617e-34, 'GA': 5.3711659643066908e-25, 'OV': 3.1345953981394306e-06}
2018-03-15 11:50:25,039 var:80586249818896.031250 mean:3173843.289667
2018-03-15 11:50:25,039 botttom th:3173843.289667 top th:6347686.579334
2018-03-15 11:50:25,039 column num:2
2018-03-15 11:50:25,043 merged matrix:
[[ 1.  1.  0. -1.  0.  0.  0.  0.  1.  1.  0. -1.  0.  0.  0.  0.]
 [-1.  0. -1.  0.  0.  0. -1. -1.  1. -1.  0.  0. -1.  0.  0.  0.]
 [ 1. -1.  0.  0. -1.  0.  0.  0. -1.  0.  1.  0.  0. -1.  0.  0.]
 [-1.  0. -1.  0.  0.  0.  1.  0. -1.  0. -1.  0.  0.  0. -1. -1.]
 [ 1.  1.  0.  1.  0.  0.  0.  0. -1.  0.  1.  0.  0.  1.  0.  0.]
 [ 1. -1.  0.  0.  1.  0.  0.  0.  1. -1.  0.  0.  1.  0.  0.  0.]
 [-1.  0.  1.  0.  0.  1.  0.  0. -1.  0. -1.  0.  0.  0. -1.  1.]
 [-1.  0.  1.  0.  0. -1.  0.  0. -1.  0. -1.  0.  0.  0.  1.  0.]
 [-1.  0. -1.  0.  0.  0. -1.  1.  1.  1.  0.  1.  0.  0.  0.  0.]]
2018-03-15 11:50:25,043 ERROR: The denominator of Ternary Divide is zero!
2018-03-15 11:50:25,043 ERROR: left -1, right 0, left and right node is wrong!
2018-03-15 11:50:25,043 ERROR: The denominator of Ternary Divide is zero!
2018-03-15 11:50:25,043 ERROR: left -1, right 0, left and right node is wrong!
2018-03-15 11:50:25,043 ERROR: The denominator of Ternary Divide is zero!
2018-03-15 11:50:25,043 ERROR: left -1, right 0, left and right node is wrong!
2018-03-15 11:50:25,045 ERROR: The denominator of Ternary Divide is zero!
2018-03-15 11:50:25,045 ERROR: left -1, right 0, left and right node is wrong!
2018-03-15 11:50:25,045 ERROR: The denominator of Ternary Divide is zero!
2018-03-15 11:50:25,045 ERROR: left -1, right 0, left and right node is wrong!
2018-03-15 11:50:25,045 ERROR: The denominator of Ternary Divide is zero!
2018-03-15 11:50:25,045 ERROR: left -1, right 0, left and right node is wrong!
2018-03-15 11:50:25,045 ERROR: The denominator of Ternary Divide is zero!
2018-03-15 11:50:25,045 ERROR: The denominator of Ternary Divide is zero!
2018-03-15 11:50:25,045 ERROR: left -1, right 0, left and right node is wrong!
2018-03-15 11:50:25,045 ERROR: The denominator of Ternary Divide is zero!
2018-03-15 11:50:25,046 ERROR: The denominator of Ternary Divide is zero!
2018-03-15 11:50:25,046 ERROR: left 1, right 0, left and right node is wrong!
2018-03-15 11:50:25,046 ERROR: The denominator of Ternary Divide is zero!
2018-03-15 11:50:25,046 ERROR: left 1, right 0, left and right node is wrong!
2018-03-15 11:50:25,046 ERROR: The denominator of Ternary Divide is zero!
2018-03-15 11:50:25,046 ERROR: left -1, right 0, left and right node is wrong!
2018-03-15 11:50:25,046 ERROR: The denominator of Ternary Divide is zero!
2018-03-15 11:50:25,046 ERROR: The denominator of Ternary Divide is zero!
2018-03-15 11:50:25,046 ERROR: The denominator of Ternary Divide is zero!
2018-03-15 11:50:25,046 ERROR: left -1, right 0, left and right node is wrong!
2018-03-15 11:50:25,046 ERROR: The denominator of Ternary Divide is zero!
2018-03-15 11:50:25,046 ERROR: The denominator of Ternary Divide is zero!
2018-03-15 11:50:25,046 ERROR: The denominator of Ternary Divide is zero!
2018-03-15 11:50:25,046 ERROR: left 1, right 0, left and right node is wrong!
2018-03-15 11:50:25,046 ERROR: The denominator of Ternary Divide is zero!
2018-03-15 11:50:25,046 ERROR: The denominator of Ternary Divide is zero!
2018-03-15 11:50:25,048 ERROR: The denominator of Ternary Divide is zero!
2018-03-15 11:50:25,048 ERROR: The denominator of Ternary Divide is zero!
2018-03-15 11:50:25,048 ERROR: left 1, right 0, left and right node is wrong!
2018-03-15 11:50:25,048 ERROR: The denominator of Ternary Divide is zero!
2018-03-15 11:50:25,048 ERROR: The denominator of Ternary Divide is zero!
2018-03-15 11:50:25,048 ERROR: The denominator of Ternary Divide is zero!
2018-03-15 11:50:25,048 ERROR: The denominator of Ternary Divide is zero!
2018-03-15 11:50:25,049 ERROR: The denominator of Ternary Divide is zero!
2018-03-15 11:50:25,049 ERROR: left -1, right 0, left and right node is wrong!
2018-03-15 11:50:25,049 ERROR: The denominator of Ternary Divide is zero!
2018-03-15 11:50:25,049 ERROR: left -1, right 0, left and right node is wrong!
2018-03-15 11:50:25,049 ERROR: The denominator of Ternary Divide is zero!
2018-03-15 11:50:25,049 ERROR: left -1, right 0, left and right node is wrong!
2018-03-15 11:50:25,049 ERROR: The denominator of Ternary Divide is zero!
2018-03-15 11:50:25,049 ERROR: left -1, right 0, left and right node is wrong!
2018-03-15 11:50:25,049 ERROR: The denominator of Ternary Divide is zero!
2018-03-15 11:50:25,049 ERROR: left -1, right 0, left and right node is wrong!
2018-03-15 11:50:25,049 ERROR: The denominator of Ternary Divide is zero!
2018-03-15 11:50:25,049 ERROR: The denominator of Ternary Divide is zero!
2018-03-15 11:50:25,049 ERROR: left 1, right 0, left and right node is wrong!
2018-03-15 11:50:25,049 ERROR: The denominator of Ternary Divide is zero!
2018-03-15 11:50:25,049 ERROR: left -1, right 0, left and right node is wrong!
2018-03-15 11:50:25,049 ERROR: The denominator of Ternary Divide is zero!
2018-03-15 11:50:25,049 ERROR: left 1, right 0, left and right node is wrong!
2018-03-15 11:50:25,049 ERROR: The denominator of Ternary Divide is zero!
2018-03-15 11:50:25,049 ERROR: The denominator of Ternary Divide is zero!
2018-03-15 11:50:25,049 ERROR: left -1, right 0, left and right node is wrong!
2018-03-15 11:50:25,051 ERROR: The denominator of Ternary Divide is zero!
2018-03-15 11:50:25,051 ERROR: left -1, right 0, left and right node is wrong!
2018-03-15 11:50:25,051 ERROR: The denominator of Ternary Divide is zero!
2018-03-15 11:50:25,051 ERROR: The denominator of Ternary Divide is zero!
2018-03-15 11:50:25,051 ERROR: left -1, right 0, left and right node is wrong!
2018-03-15 11:50:25,051 ERROR: The denominator of Ternary Divide is zero!
2018-03-15 11:50:25,051 ERROR: The denominator of Ternary Divide is zero!
2018-03-15 11:50:25,052 ERROR: left 1, right 0, left and right node is wrong!
2018-03-15 11:50:25,052 ERROR: The denominator of Ternary Divide is zero!
2018-03-15 11:50:25,052 ERROR: The denominator of Ternary Divide is zero!
2018-03-15 11:50:25,052 ERROR: The denominator of Ternary Divide is zero!
2018-03-15 11:50:25,052 ERROR: The denominator of Ternary Divide is zero!
2018-03-15 11:50:25,052 ERROR: The denominator of Ternary Divide is zero!
2018-03-15 11:50:25,052 ERROR: The denominator of Ternary Divide is zero!
2018-03-15 11:50:25,052 ERROR: The denominator of Ternary Divide is zero!
2018-03-15 11:50:25,052 ERROR: The denominator of Ternary Divide is zero!
2018-03-15 11:50:25,052 ERROR: The denominator of Ternary Divide is zero!
2018-03-15 11:50:25,052 ERROR: left 1, right 0, left and right node is wrong!
2018-03-15 11:50:25,052 ERROR: The denominator of Ternary Divide is zero!
2018-03-15 11:50:25,053 ERROR: The denominator of Ternary Divide is zero!
2018-03-15 11:50:25,053 ERROR: left 1, right 0, left and right node is wrong!
2018-03-15 11:50:25,053 ERROR: The denominator of Ternary Divide is zero!
2018-03-15 11:50:25,053 ERROR: The denominator of Ternary Divide is zero!
2018-03-15 11:50:25,053 ERROR: left -1, right 0, left and right node is wrong!
2018-03-15 11:50:25,053 ERROR: The denominator of Ternary Divide is zero!
2018-03-15 11:50:25,053 ERROR: The denominator of Ternary Divide is zero!
2018-03-15 11:50:25,053 ERROR: left 1, right 0, left and right node is wrong!
2018-03-15 11:50:25,053 ERROR: The denominator of Ternary Divide is zero!
2018-03-15 11:50:25,053 ERROR: left -1, right 0, left and right node is wrong!
2018-03-15 11:50:25,053 ERROR: The denominator of Ternary Divide is zero!
2018-03-15 11:50:25,055 ERROR: The denominator of Ternary Divide is zero!
2018-03-15 11:50:25,055 ERROR: The denominator of Ternary Divide is zero!
2018-03-15 11:50:25,055 ERROR: The denominator of Ternary Divide is zero!
2018-03-15 11:50:25,055 ERROR: The denominator of Ternary Divide is zero!
2018-03-15 11:50:25,055 ERROR: The denominator of Ternary Divide is zero!
2018-03-15 11:50:25,055 ERROR: The denominator of Ternary Divide is zero!
2018-03-15 11:50:25,055 ERROR: The denominator of Ternary Divide is zero!
2018-03-15 11:50:25,055 ERROR: The denominator of Ternary Divide is zero!
2018-03-15 11:50:25,055 ERROR: The denominator of Ternary Divide is zero!
2018-03-15 11:50:25,055 ERROR: The denominator of Ternary Divide is zero!
2018-03-15 11:50:25,055 ERROR: left 1, right 0, left and right node is wrong!
2018-03-15 11:50:25,055 ERROR: The denominator of Ternary Divide is zero!
2018-03-15 11:50:25,055 ERROR: left -1, right 0, left and right node is wrong!
2018-03-15 11:50:25,055 ERROR: The denominator of Ternary Divide is zero!
2018-03-15 11:50:25,055 ERROR: The denominator of Ternary Divide is zero!
2018-03-15 11:50:25,055 ERROR: The denominator of Ternary Divide is zero!
2018-03-15 11:50:25,055 ERROR: The denominator of Ternary Divide is zero!
2018-03-15 11:50:25,056 ERROR: left -1, right 0, left and right node is wrong!
2018-03-15 11:50:25,056 ERROR: The denominator of Ternary Divide is zero!
2018-03-15 11:50:25,056 ERROR: The denominator of Ternary Divide is zero!
2018-03-15 11:50:25,056 ERROR: The denominator of Ternary Divide is zero!
2018-03-15 11:50:25,056 ERROR: left 1, right 0, left and right node is wrong!
2018-03-15 11:50:25,056 ERROR: The denominator of Ternary Divide is zero!
2018-03-15 11:50:25,056 ERROR: The denominator of Ternary Divide is zero!
2018-03-15 11:50:25,056 ERROR: The denominator of Ternary Divide is zero!
2018-03-15 11:50:25,056 ERROR: The denominator of Ternary Divide is zero!
2018-03-15 11:50:25,056 ERROR: The denominator of Ternary Divide is zero!
2018-03-15 11:50:25,058 ERROR: The denominator of Ternary Divide is zero!
2018-03-15 11:50:25,058 ERROR: The denominator of Ternary Divide is zero!
2018-03-15 11:50:25,058 ERROR: The denominator of Ternary Divide is zero!
2018-03-15 11:50:25,058 ERROR: The denominator of Ternary Divide is zero!
2018-03-15 11:50:25,058 ERROR: The denominator of Ternary Divide is zero!
2018-03-15 11:50:25,058 ERROR: The denominator of Ternary Divide is zero!
2018-03-15 11:50:25,058 ERROR: The denominator of Ternary Divide is zero!
2018-03-15 11:50:25,059 ERROR: The denominator of Ternary Divide is zero!
2018-03-15 11:50:25,059 ERROR: The denominator of Ternary Divide is zero!
2018-03-15 11:50:25,059 ERROR: The denominator of Ternary Divide is zero!
2018-03-15 11:50:25,059 ERROR: The denominator of Ternary Divide is zero!
2018-03-15 11:50:25,059 ERROR: The denominator of Ternary Divide is zero!
2018-03-15 11:50:25,059 ERROR: The denominator of Ternary Divide is zero!
2018-03-15 11:50:25,059 ERROR: The denominator of Ternary Divide is zero!
2018-03-15 11:50:25,059 ERROR: The denominator of Ternary Divide is zero!
2018-03-15 11:50:25,059 ERROR: The denominator of Ternary Divide is zero!
2018-03-15 11:50:25,059 ERROR: The denominator of Ternary Divide is zero!
2018-03-15 11:50:25,059 ERROR: The denominator of Ternary Divide is zero!
2018-03-15 11:50:25,059 ERROR: The denominator of Ternary Divide is zero!
2018-03-15 11:50:25,059 ERROR: The denominator of Ternary Divide is zero!
2018-03-15 11:50:25,059 ERROR: The denominator of Ternary Divide is zero!
2018-03-15 11:50:25,059 ERROR: The denominator of Ternary Divide is zero!
2018-03-15 11:50:25,059 ERROR: The denominator of Ternary Divide is zero!
2018-03-15 11:50:25,059 ERROR: The denominator of Ternary Divide is zero!
2018-03-15 11:50:25,059 ERROR: The denominator of Ternary Divide is zero!
2018-03-15 11:50:25,061 ERROR: The denominator of Ternary Divide is zero!
2018-03-15 11:50:25,061 ERROR: The denominator of Ternary Divide is zero!
2018-03-15 11:50:25,061 ERROR: The denominator of Ternary Divide is zero!
2018-03-15 11:50:25,061 ERROR: The denominator of Ternary Divide is zero!
2018-03-15 11:50:25,066 1.create matrix:[[ 1.  1.  0. -1.  0.  0.  0.  0.  1.  1.  0. -1.  0.  0.  0.  0.  1.  0.
   0.  0.  1.  0.  0.  0.  0.  0.  0.  0.  0.  0.  0.]
 [-1.  0. -1.  0.  0.  0. -1. -1.  1. -1.  0.  0. -1.  0.  0.  0.  0.  0.
   0.  1. -1.  0.  0.  0.  0.  0.  0.  0.  0.  0.  0.]
 [ 1. -1.  0.  0. -1.  0.  0.  0. -1.  0.  1.  0.  0. -1.  0.  0. -1.  0.
   0.  0.  0.  0.  0.  0.  0.  0.  0.  0.  0.  0.  0.]
 [-1.  0. -1.  0.  0.  0.  1.  0. -1.  0. -1.  0.  0.  0. -1. -1.  0.  0.
   0.  0.  0.  0.  0.  1.  0.  0.  0.  0.  0.  0.  0.]
 [ 1.  1.  0.  1.  0.  0.  0.  0. -1.  0.  1.  0.  0.  1.  0.  0.  1.  0.
   0.  0.  0.  0.  0.  0.  0.  0.  0.  0.  0.  0.  0.]
 [ 1. -1.  0.  0.  1.  0.  0.  0.  1. -1.  0.  0.  1.  0.  0.  0. -1.  0.
   0.  0. -1.  0.  0.  0.  0.  0.  0.  0.  0.  0.  0.]
 [-1.  0.  1.  0.  0.  1.  0.  0. -1.  0. -1.  0.  0.  0. -1.  1.  0.  0.
   0.  0.  0.  0.  0. -1.  0.  0.  0.  0.  0.  0.  0.]
 [-1.  0.  1.  0.  0. -1.  0.  0. -1.  0. -1.  0.  0.  0.  1.  0.  0.  0.
   0.  0.  0.  0.  0.  0.  0.  0.  0.  0.  0.  0.  0.]
 [-1.  0. -1.  0.  0.  0. -1.  1.  1.  1.  0.  1.  0.  0.  0.  0.  0.  0.
   0. -1.  1.  0.  0.  0.  0.  0.  0.  0.  0.  0.  0.]]
2018-03-15 11:50:25,079 2.remove reverse matrix:[[ 1.  1.  0. -1.  0.  0.  0.  0.  1.  1.  0. -1.  0.  0.  0.  0.  1.  0.
   1.]
 [-1.  0. -1.  0.  0.  0. -1. -1.  1. -1.  0.  0. -1.  0.  0.  0.  0.  0.
  -1.]
 [ 1. -1.  0.  0. -1.  0.  0.  0. -1.  0.  1.  0.  0. -1.  0.  0. -1.  0.
   0.]
 [-1.  0. -1.  0.  0.  0.  1.  0. -1.  0. -1.  0.  0.  0. -1. -1.  0.  0.
   0.]
 [ 1.  1.  0.  1.  0.  0.  0.  0. -1.  0.  1.  0.  0.  1.  0.  0.  1.  0.
   0.]
 [ 1. -1.  0.  0.  1.  0.  0.  0.  1. -1.  0.  0.  1.  0.  0.  0. -1.  0.
  -1.]
 [-1.  0.  1.  0.  0.  1.  0.  0. -1.  0. -1.  0.  0.  0. -1.  1.  0.  0.
   0.]
 [-1.  0.  1.  0.  0. -1.  0.  0. -1.  0. -1.  0.  0.  0.  1.  0.  0.  0.
   0.]
 [-1.  0. -1.  0.  0.  0. -1.  1.  1.  1.  0.  1.  0.  0.  0.  0.  0.  0.
   1.]]
2018-03-15 11:50:25,084 3.remove duplicate matrix:[[ 1.  1.  0. -1.  0.  0.  0.  0.  1.  1.  0. -1.  0.  0.  0.  0.  1.  0.
   1.]
 [-1.  0. -1.  0.  0.  0. -1. -1.  1. -1.  0.  0. -1.  0.  0.  0.  0.  0.
  -1.]
 [ 1. -1.  0.  0. -1.  0.  0.  0. -1.  0.  1.  0.  0. -1.  0.  0. -1.  0.
   0.]
 [-1.  0. -1.  0.  0.  0.  1.  0. -1.  0. -1.  0.  0.  0. -1. -1.  0.  0.
   0.]
 [ 1.  1.  0.  1.  0.  0.  0.  0. -1.  0.  1.  0.  0.  1.  0.  0.  1.  0.
   0.]
 [ 1. -1.  0.  0.  1.  0.  0.  0.  1. -1.  0.  0.  1.  0.  0.  0. -1.  0.
  -1.]
 [-1.  0.  1.  0.  0.  1.  0.  0. -1.  0. -1.  0.  0.  0. -1.  1.  0.  0.
   0.]
 [-1.  0.  1.  0.  0. -1.  0.  0. -1.  0. -1.  0.  0.  0.  1.  0.  0.  0.
   0.]
 [-1.  0. -1.  0.  0.  0. -1.  1.  1.  1.  0.  1.  0.  0.  0.  0.  0.  0.
   1.]]
2018-03-15 11:50:25,088 4.remove unfit matrix:[[ 1.  1.  0. -1.  0.  0.  0.  0.  1.  1.  0. -1.  0.  0.  0.  0.  1.  1.]
 [-1.  0. -1.  0.  0.  0. -1. -1.  1. -1.  0.  0. -1.  0.  0.  0.  0. -1.]
 [ 1. -1.  0.  0. -1.  0.  0.  0. -1.  0.  1.  0.  0. -1.  0.  0. -1.  0.]
 [-1.  0. -1.  0.  0.  0.  1.  0. -1.  0. -1.  0.  0.  0. -1. -1.  0.  0.]
 [ 1.  1.  0.  1.  0.  0.  0.  0. -1.  0.  1.  0.  0.  1.  0.  0.  1.  0.]
 [ 1. -1.  0.  0.  1.  0.  0.  0.  1. -1.  0.  0.  1.  0.  0.  0. -1. -1.]
 [-1.  0.  1.  0.  0.  1.  0.  0. -1.  0. -1.  0.  0.  0. -1.  1.  0.  0.]
 [-1.  0.  1.  0.  0. -1.  0.  0. -1.  0. -1.  0.  0.  0.  1.  0.  0.  0.]
 [-1.  0. -1.  0.  0.  0. -1.  1.  1.  1.  0.  1.  0.  0.  0.  0.  0.  1.]]
2018-03-15 11:50:25,124 Self_Adaption_ECOC F1 F2 / Matrix:
[[ 1.  1.  0. -1.  0.  0.  0.  0.  1.  1.  0. -1.  0.  0.  0.  0.  1.  1.]
 [-1.  0. -1.  0.  0.  0. -1. -1.  1. -1.  0.  0. -1.  0.  0.  0.  0. -1.]
 [ 1. -1.  0.  0. -1.  0.  0.  0. -1.  0.  1.  0.  0. -1.  0.  0. -1.  0.]
 [-1.  0. -1.  0.  0.  0.  1.  0. -1.  0. -1.  0.  0.  0. -1. -1.  0.  0.]
 [ 1.  1.  0.  1.  0.  0.  0.  0. -1.  0.  1.  0.  0.  1.  0.  0.  1.  0.]
 [ 1. -1.  0.  0.  1.  0.  0.  0.  1. -1.  0.  0.  1.  0.  0.  0. -1. -1.]
 [-1.  0.  1.  0.  0.  1.  0.  0. -1.  0. -1.  0.  0.  0. -1.  1.  0.  0.]
 [-1.  0.  1.  0.  0. -1.  0.  0. -1.  0. -1.  0.  0.  0.  1.  0.  0.  0.]
 [-1.  0. -1.  0.  0.  0. -1.  1.  1.  1.  0.  1.  0.  0.  0.  0.  0.  1.]]
2018-03-15 11:50:25,414 classifier accuracy
[0.973, 0.952, 1.0, 0.933, 0.833, 1.0, 0.966, 0.964, 0.865, 0.936, 0.926, 0.967, 1.0, 0.5, 0.92, 1.0, 0.952, 0.936]
2018-03-15 11:50:25,414 diversity
[0.016, 0.076, -0.024, 0.0, -0.055, -0.063, 0.0, 0.028, -0.008, 0.118, -0.114, 0.028, 0.015, 0.0, -0.048, -0.041, 0.076, 0.118]
2018-03-15 11:50:25,414 accuracy: 0.905000
2018-03-15 11:50:25,414 ********************    data:Cancers    ECOC:Self_Adaption_ECOC F1 F2 and    *****************
2018-03-15 11:50:28,785 class cplx:
{'PR': 5.9835645794362729e-132, 'LU_A': 5.0147778692907834e-07, 'CO': 3.2180856784677684e-21, 'BR': 1.8754402003346297e-37, 'KI': 3.5571834099235335e-92, 'LI': 28564589.60700028, 'LU_S': 3.8882514919224617e-34, 'GA': 5.3711659643066908e-25, 'OV': 3.1345953981394306e-06}
2018-03-15 11:50:28,785 var:80586249818896.031250 mean:3173843.289667
2018-03-15 11:50:28,785 botttom th:3173843.289667 top th:6347686.579334
2018-03-15 11:50:28,785 column num:2
2018-03-15 11:50:28,789 merged matrix:
[[ 1.  1.  0. -1.  0.  0.  0.  0.  1.  1.  0. -1.  0.  0.  0.  0.]
 [-1.  0. -1.  0.  0.  0. -1. -1.  1. -1.  0.  0. -1.  0.  0.  0.]
 [ 1. -1.  0.  0. -1.  0.  0.  0. -1.  0.  1.  0.  0. -1.  0.  0.]
 [-1.  0. -1.  0.  0.  0.  1.  0. -1.  0. -1.  0.  0.  0. -1. -1.]
 [ 1.  1.  0.  1.  0.  0.  0.  0. -1.  0.  1.  0.  0.  1.  0.  0.]
 [ 1. -1.  0.  0.  1.  0.  0.  0.  1. -1.  0.  0.  1.  0.  0.  0.]
 [-1.  0.  1.  0.  0.  1.  0.  0. -1.  0. -1.  0.  0.  0. -1.  1.]
 [-1.  0.  1.  0.  0. -1.  0.  0. -1.  0. -1.  0.  0.  0.  1.  0.]
 [-1.  0. -1.  0.  0.  0. -1.  1.  1.  1.  0.  1.  0.  0.  0.  0.]]
2018-03-15 11:50:51,140 1.create matrix:[[ 1.  1.  0. -1.  0.  0.  0.  0.  1.  1.  0. -1.  0.  0.  0.  0.  1. -1.
   0.  0.  1. -1.  0.  0. -1.  0. -1.  0. -1. -1. -1.]
 [-1.  0. -1.  0.  0.  0. -1. -1.  1. -1.  0.  0. -1.  0.  0.  0. -1.  1.
   0.  1. -1.  0.  1.  0. -1.  0. -1.  0. -1. -1. -1.]
 [ 1. -1.  0.  0. -1.  0.  0.  0. -1.  0.  1.  0.  0. -1.  0.  0. -1.  0.
  -1.  0. -1.  0. -1.  0. -1.  1. -1.  1. -1. -1. -1.]
 [-1.  0. -1.  0.  0.  0.  1.  0. -1.  0. -1.  0.  0.  0. -1. -1. -1. -1.
   0.  0. -1. -1.  0. -1. -1.  0. -1. -1. -1. -1. -1.]
 [ 1.  1.  0.  1.  0.  0.  0.  0. -1.  0.  1.  0.  0.  1.  0.  0.  1.  0.
   0.  0. -1.  0.  0.  0.  0.  0.  1.  0.  0.  0.  0.]
 [ 1. -1.  0.  0.  1.  0.  0.  0.  1. -1.  0.  0.  1.  0.  0.  0. -1.  0.
   0.  0. -1.  0.  0.  0. -1.  0. -1.  0.  1. -1.  1.]
 [-1.  0.  1.  0.  0.  1.  0.  0. -1.  0. -1.  0.  0.  0. -1.  1. -1.  0.
   0.  0. -1. -1.  0.  1. -1.  0. -1.  0. -1. -1. -1.]
 [-1.  0.  1.  0.  0. -1.  0.  0. -1.  0. -1.  0.  0.  0.  1.  0. -1.  0.
   1.  0. -1.  1.  0.  0.  1.  0. -1.  0.  0.  1.  0.]
 [-1.  0. -1.  0.  0.  0. -1.  1.  1.  1.  0.  1.  0.  0.  0.  0. -1. -1.
   0. -1.  1.  0.  0.  0. -1. -1.  0.  0. -1.  0. -1.]]
2018-03-15 11:50:51,154 2.remove reverse matrix:[[ 1.  1.  0. -1.  0.  0.  0.  0.  1.  1.  0. -1.  0.  0.  0.  0.  1. -1.
   0.  1. -1.  0.  0. -1.  0. -1.  0. -1. -1. -1.]
 [-1.  0. -1.  0.  0.  0. -1. -1.  1. -1.  0.  0. -1.  0.  0.  0. -1.  1.
   0. -1.  0.  1.  0. -1.  0. -1.  0. -1. -1. -1.]
 [ 1. -1.  0.  0. -1.  0.  0.  0. -1.  0.  1.  0.  0. -1.  0.  0. -1.  0.
  -1. -1.  0. -1.  0. -1.  1. -1.  1. -1. -1. -1.]
 [-1.  0. -1.  0.  0.  0.  1.  0. -1.  0. -1.  0.  0.  0. -1. -1. -1. -1.
   0. -1. -1.  0. -1. -1.  0. -1. -1. -1. -1. -1.]
 [ 1.  1.  0.  1.  0.  0.  0.  0. -1.  0.  1.  0.  0.  1.  0.  0.  1.  0.
   0. -1.  0.  0.  0.  0.  0.  1.  0.  0.  0.  0.]
 [ 1. -1.  0.  0.  1.  0.  0.  0.  1. -1.  0.  0.  1.  0.  0.  0. -1.  0.
   0. -1.  0.  0.  0. -1.  0. -1.  0.  1. -1.  1.]
 [-1.  0.  1.  0.  0.  1.  0.  0. -1.  0. -1.  0.  0.  0. -1.  1. -1.  0.
   0. -1. -1.  0.  1. -1.  0. -1.  0. -1. -1. -1.]
 [-1.  0.  1.  0.  0. -1.  0.  0. -1.  0. -1.  0.  0.  0.  1.  0. -1.  0.
   1. -1.  1.  0.  0.  1.  0. -1.  0.  0.  1.  0.]
 [-1.  0. -1.  0.  0.  0. -1.  1.  1.  1.  0.  1.  0.  0.  0.  0. -1. -1.
   0.  1.  0.  0.  0. -1. -1.  0.  0. -1.  0. -1.]]
2018-03-15 11:50:51,163 3.remove duplicate matrix:[[ 1.  1.  0. -1.  0.  0.  0.  0.  1.  1.  0. -1.  0.  0.  0.  0.  1. -1.
   0.  1. -1.  0.  0. -1.  0. -1.  0. -1. -1. -1.]
 [-1.  0. -1.  0.  0.  0. -1. -1.  1. -1.  0.  0. -1.  0.  0.  0. -1.  1.
   0. -1.  0.  1.  0. -1.  0. -1.  0. -1. -1. -1.]
 [ 1. -1.  0.  0. -1.  0.  0.  0. -1.  0.  1.  0.  0. -1.  0.  0. -1.  0.
  -1. -1.  0. -1.  0. -1.  1. -1.  1. -1. -1. -1.]
 [-1.  0. -1.  0.  0.  0.  1.  0. -1.  0. -1.  0.  0.  0. -1. -1. -1. -1.
   0. -1. -1.  0. -1. -1.  0. -1. -1. -1. -1. -1.]
 [ 1.  1.  0.  1.  0.  0.  0.  0. -1.  0.  1.  0.  0.  1.  0.  0.  1.  0.
   0. -1.  0.  0.  0.  0.  0.  1.  0.  0.  0.  0.]
 [ 1. -1.  0.  0.  1.  0.  0.  0.  1. -1.  0.  0.  1.  0.  0.  0. -1.  0.
   0. -1.  0.  0.  0. -1.  0. -1.  0.  1. -1.  1.]
 [-1.  0.  1.  0.  0.  1.  0.  0. -1.  0. -1.  0.  0.  0. -1.  1. -1.  0.
   0. -1. -1.  0.  1. -1.  0. -1.  0. -1. -1. -1.]
 [-1.  0.  1.  0.  0. -1.  0.  0. -1.  0. -1.  0.  0.  0.  1.  0. -1.  0.
   1. -1.  1.  0.  0.  1.  0. -1.  0.  0.  1.  0.]
 [-1.  0. -1.  0.  0.  0. -1.  1.  1.  1.  0.  1.  0.  0.  0.  0. -1. -1.
   0.  1.  0.  0.  0. -1. -1.  0.  0. -1.  0. -1.]]
2018-03-15 11:50:51,168 4.remove unfit matrix:[[ 1.  1.  0. -1.  0.  0.  0.  0.  1.  1.  0. -1.  0.  0.  0.  0.  1. -1.
   0.  1. -1.  0.  0. -1.  0. -1.  0. -1. -1. -1.]
 [-1.  0. -1.  0.  0.  0. -1. -1.  1. -1.  0.  0. -1.  0.  0.  0. -1.  1.
   0. -1.  0.  1.  0. -1.  0. -1.  0. -1. -1. -1.]
 [ 1. -1.  0.  0. -1.  0.  0.  0. -1.  0.  1.  0.  0. -1.  0.  0. -1.  0.
  -1. -1.  0. -1.  0. -1.  1. -1.  1. -1. -1. -1.]
 [-1.  0. -1.  0.  0.  0.  1.  0. -1.  0. -1.  0.  0.  0. -1. -1. -1. -1.
   0. -1. -1.  0. -1. -1.  0. -1. -1. -1. -1. -1.]
 [ 1.  1.  0.  1.  0.  0.  0.  0. -1.  0.  1.  0.  0.  1.  0.  0.  1.  0.
   0. -1.  0.  0.  0.  0.  0.  1.  0.  0.  0.  0.]
 [ 1. -1.  0.  0.  1.  0.  0.  0.  1. -1.  0.  0.  1.  0.  0.  0. -1.  0.
   0. -1.  0.  0.  0. -1.  0. -1.  0.  1. -1.  1.]
 [-1.  0.  1.  0.  0.  1.  0.  0. -1.  0. -1.  0.  0.  0. -1.  1. -1.  0.
   0. -1. -1.  0.  1. -1.  0. -1.  0. -1. -1. -1.]
 [-1.  0.  1.  0.  0. -1.  0.  0. -1.  0. -1.  0.  0.  0.  1.  0. -1.  0.
   1. -1.  1.  0.  0.  1.  0. -1.  0.  0.  1.  0.]
 [-1.  0. -1.  0.  0.  0. -1.  1.  1.  1.  0.  1.  0.  0.  0.  0. -1. -1.
   0.  1.  0.  0.  0. -1. -1.  0.  0. -1.  0. -1.]]
2018-03-15 11:50:51,250 Self_Adaption_ECOC F1 F2 and Matrix:
[[ 1.  1.  0. -1.  0.  0.  0.  0.  1.  1.  0. -1.  0.  0.  0.  0.  1. -1.
   0.  1. -1.  0.  0. -1.  0. -1.  0. -1. -1. -1.]
 [-1.  0. -1.  0.  0.  0. -1. -1.  1. -1.  0.  0. -1.  0.  0.  0. -1.  1.
   0. -1.  0.  1.  0. -1.  0. -1.  0. -1. -1. -1.]
 [ 1. -1.  0.  0. -1.  0.  0.  0. -1.  0.  1.  0.  0. -1.  0.  0. -1.  0.
  -1. -1.  0. -1.  0. -1.  1. -1.  1. -1. -1. -1.]
 [-1.  0. -1.  0.  0.  0.  1.  0. -1.  0. -1.  0.  0.  0. -1. -1. -1. -1.
   0. -1. -1.  0. -1. -1.  0. -1. -1. -1. -1. -1.]
 [ 1.  1.  0.  1.  0.  0.  0.  0. -1.  0.  1.  0.  0.  1.  0.  0.  1.  0.
   0. -1.  0.  0.  0.  0.  0.  1.  0.  0.  0.  0.]
 [ 1. -1.  0.  0.  1.  0.  0.  0.  1. -1.  0.  0.  1.  0.  0.  0. -1.  0.
   0. -1.  0.  0.  0. -1.  0. -1.  0.  1. -1.  1.]
 [-1.  0.  1.  0.  0.  1.  0.  0. -1.  0. -1.  0.  0.  0. -1.  1. -1.  0.
   0. -1. -1.  0.  1. -1.  0. -1.  0. -1. -1. -1.]
 [-1.  0.  1.  0.  0. -1.  0.  0. -1.  0. -1.  0.  0.  0.  1.  0. -1.  0.
   1. -1.  1.  0.  0.  1.  0. -1.  0.  0.  1.  0.]
 [-1.  0. -1.  0.  0.  0. -1.  1.  1.  1.  0.  1.  0.  0.  0.  0. -1. -1.
   0.  1.  0.  0.  0. -1. -1.  0.  0. -1.  0. -1.]]
2018-03-15 11:50:51,904 classifier accuracy
[0.973, 0.952, 1.0, 0.933, 0.833, 1.0, 0.966, 0.964, 0.865, 0.936, 0.926, 0.967, 1.0, 0.5, 0.92, 1.0, 0.905, 0.977, 1.0, 0.878, 0.667, 0.923, 1.0, 0.753, 0.941, 0.983, 0.5, 0.909, 0.684, 0.909]
2018-03-15 11:50:51,904 diversity
[-0.007, 0.016, 0.001, 0.0, -0.037, -0.054, 0.0, -0.022, -0.018, 0.009, -0.016, -0.022, -0.018, 0.0, -0.013, 0.028, 0.012, -0.024, -0.014, 0.003, -0.006, -0.028, 0.028, 0.0, -0.002, 0.0, 0.006, 0.0, 0.0, 0.0]
2018-03-15 11:50:51,904 accuracy: 0.635000
2018-03-15 11:50:51,904 ********************    data:Cancers    ECOC:Self_Adaption_ECOC F1 F2 or    *****************
2018-03-15 11:50:55,213 class cplx:
{'PR': 5.9835645794362729e-132, 'LU_A': 5.0147778692907834e-07, 'CO': 3.2180856784677684e-21, 'BR': 1.8754402003346297e-37, 'KI': 3.5571834099235335e-92, 'LI': 28564589.60700028, 'LU_S': 3.8882514919224617e-34, 'GA': 5.3711659643066908e-25, 'OV': 3.1345953981394306e-06}
2018-03-15 11:50:55,213 var:80586249818896.031250 mean:3173843.289667
2018-03-15 11:50:55,213 botttom th:3173843.289667 top th:6347686.579334
2018-03-15 11:50:55,213 column num:2
2018-03-15 11:50:55,217 merged matrix:
[[ 1.  1.  0. -1.  0.  0.  0.  0.  1.  1.  0. -1.  0.  0.  0.  0.]
 [-1.  0. -1.  0.  0.  0. -1. -1.  1. -1.  0.  0. -1.  0.  0.  0.]
 [ 1. -1.  0.  0. -1.  0.  0.  0. -1.  0.  1.  0.  0. -1.  0.  0.]
 [-1.  0. -1.  0.  0.  0.  1.  0. -1.  0. -1.  0.  0.  0. -1. -1.]
 [ 1.  1.  0.  1.  0.  0.  0.  0. -1.  0.  1.  0.  0.  1.  0.  0.]
 [ 1. -1.  0.  0.  1.  0.  0.  0.  1. -1.  0.  0.  1.  0.  0.  0.]
 [-1.  0.  1.  0.  0.  1.  0.  0. -1.  0. -1.  0.  0.  0. -1.  1.]
 [-1.  0.  1.  0.  0. -1.  0.  0. -1.  0. -1.  0.  0.  0.  1.  0.]
 [-1.  0. -1.  0.  0.  0. -1.  1.  1.  1.  0.  1.  0.  0.  0.  0.]]
2018-03-15 11:51:12,062 1.create matrix:[[ 1.  1.  0. -1.  0.  0.  0.  0.  1.  1.  0. -1.  0.  0.  0.  0.  1.  0.
   0.  0.  1.  0.  0.  0.  1.  0.  1.  0.  1.  1.  1.]
 [-1.  0. -1.  0.  0.  0. -1. -1.  1. -1.  0.  0. -1.  0.  0.  0.  0.  0.
   0. -1.  1.  0.  0.  0.  0.  0. -1.  0.  0.  0.  0.]
 [ 1. -1.  0.  0. -1.  0.  0.  0. -1.  0.  1.  0.  0. -1.  0.  0.  1.  0.
   0.  0.  0.  1.  0.  0.  1.  0.  1.  0.  1.  1.  1.]
 [-1.  0. -1.  0.  0.  0.  1.  0. -1.  0. -1.  0.  0.  0. -1. -1.  0.  0.
   0.  1.  0.  0.  0. -1.  0.  1.  0.  0.  1.  0.  1.]
 [ 1.  1.  0.  1.  0.  0.  0.  0. -1.  0.  1.  0.  0.  1.  0.  0. -1. -1.
   0.  0.  0. -1. -1.  0. -1.  0.  0.  0.  0.  0.  0.]
 [ 1. -1.  0.  0.  1.  0.  0.  0.  1. -1.  0.  0.  1.  0.  0.  0.  1.  0.
  -1.  0. -1.  0.  1.  0.  1.  0.  0.  1.  1. -1. -1.]
 [-1.  0.  1.  0.  0.  1.  0.  0. -1.  0. -1.  0.  0.  0. -1.  1.  0.  1.
   1.  0.  0.  0.  0.  1.  1. -1.  0.  1.  1.  1.  1.]
 [-1.  0.  1.  0.  0. -1.  0.  0. -1.  0. -1.  0.  0.  0.  1.  0.  0.  1.
   0.  0.  0.  0.  0.  1.  1.  0.  0. -1. -1.  0.  0.]
 [-1.  0. -1.  0.  0.  0. -1.  1.  1.  1.  0.  1.  0.  0.  0.  0.  0.  0.
   0.  1.  1.  1.  0.  0.  0.  1.  1.  0.  1.  1.  1.]]
2018-03-15 11:51:12,075 2.remove reverse matrix:[[ 1.  1.  0. -1.  0.  0.  0.  0.  1.  1.  0. -1.  0.  0.  0.  0.  1.  0.
   0.  0.  1.  0.  0.  0.  1.  0.  1.  0.  1.  1.  1.]
 [-1.  0. -1.  0.  0.  0. -1. -1.  1. -1.  0.  0. -1.  0.  0.  0.  0.  0.
   0. -1.  1.  0.  0.  0.  0.  0. -1.  0.  0.  0.  0.]
 [ 1. -1.  0.  0. -1.  0.  0.  0. -1.  0.  1.  0.  0. -1.  0.  0.  1.  0.
   0.  0.  0.  1.  0.  0.  1.  0.  1.  0.  1.  1.  1.]
 [-1.  0. -1.  0.  0.  0.  1.  0. -1.  0. -1.  0.  0.  0. -1. -1.  0.  0.
   0.  1.  0.  0.  0. -1.  0.  1.  0.  0.  1.  0.  1.]
 [ 1.  1.  0.  1.  0.  0.  0.  0. -1.  0.  1.  0.  0.  1.  0.  0. -1. -1.
   0.  0.  0. -1. -1.  0. -1.  0.  0.  0.  0.  0.  0.]
 [ 1. -1.  0.  0.  1.  0.  0.  0.  1. -1.  0.  0.  1.  0.  0.  0.  1.  0.
  -1.  0. -1.  0.  1.  0.  1.  0.  0.  1.  1. -1. -1.]
 [-1.  0.  1.  0.  0.  1.  0.  0. -1.  0. -1.  0.  0.  0. -1.  1.  0.  1.
   1.  0.  0.  0.  0.  1.  1. -1.  0.  1.  1.  1.  1.]
 [-1.  0.  1.  0.  0. -1.  0.  0. -1.  0. -1.  0.  0.  0.  1.  0.  0.  1.
   0.  0.  0.  0.  0.  1.  1.  0.  0. -1. -1.  0.  0.]
 [-1.  0. -1.  0.  0.  0. -1.  1.  1.  1.  0.  1.  0.  0.  0.  0.  0.  0.
   0.  1.  1.  1.  0.  0.  0.  1.  1.  0.  1.  1.  1.]]
2018-03-15 11:51:12,085 3.remove duplicate matrix:[[ 1.  1.  0. -1.  0.  0.  0.  0.  1.  1.  0. -1.  0.  0.  0.  0.  1.  0.
   0.  0.  1.  0.  0.  0.  1.  0.  1.  0.  1.  1.  1.]
 [-1.  0. -1.  0.  0.  0. -1. -1.  1. -1.  0.  0. -1.  0.  0.  0.  0.  0.
   0. -1.  1.  0.  0.  0.  0.  0. -1.  0.  0.  0.  0.]
 [ 1. -1.  0.  0. -1.  0.  0.  0. -1.  0.  1.  0.  0. -1.  0.  0.  1.  0.
   0.  0.  0.  1.  0.  0.  1.  0.  1.  0.  1.  1.  1.]
 [-1.  0. -1.  0.  0.  0.  1.  0. -1.  0. -1.  0.  0.  0. -1. -1.  0.  0.
   0.  1.  0.  0.  0. -1.  0.  1.  0.  0.  1.  0.  1.]
 [ 1.  1.  0.  1.  0.  0.  0.  0. -1.  0.  1.  0.  0.  1.  0.  0. -1. -1.
   0.  0.  0. -1. -1.  0. -1.  0.  0.  0.  0.  0.  0.]
 [ 1. -1.  0.  0.  1.  0.  0.  0.  1. -1.  0.  0.  1.  0.  0.  0.  1.  0.
  -1.  0. -1.  0.  1.  0.  1.  0.  0.  1.  1. -1. -1.]
 [-1.  0.  1.  0.  0.  1.  0.  0. -1.  0. -1.  0.  0.  0. -1.  1.  0.  1.
   1.  0.  0.  0.  0.  1.  1. -1.  0.  1.  1.  1.  1.]
 [-1.  0.  1.  0.  0. -1.  0.  0. -1.  0. -1.  0.  0.  0.  1.  0.  0.  1.
   0.  0.  0.  0.  0.  1.  1.  0.  0. -1. -1.  0.  0.]
 [-1.  0. -1.  0.  0.  0. -1.  1.  1.  1.  0.  1.  0.  0.  0.  0.  0.  0.
   0.  1.  1.  1.  0.  0.  0.  1.  1.  0.  1.  1.  1.]]
2018-03-15 11:51:12,091 4.remove unfit matrix:[[ 1.  1.  0. -1.  0.  0.  0.  0.  1.  1.  0. -1.  0.  0.  0.  0.  1.  0.
   0.  0.  1.  0.  0.  0.  1.  0.  1.  0.  1.  1.  1.]
 [-1.  0. -1.  0.  0.  0. -1. -1.  1. -1.  0.  0. -1.  0.  0.  0.  0.  0.
   0. -1.  1.  0.  0.  0.  0.  0. -1.  0.  0.  0.  0.]
 [ 1. -1.  0.  0. -1.  0.  0.  0. -1.  0.  1.  0.  0. -1.  0.  0.  1.  0.
   0.  0.  0.  1.  0.  0.  1.  0.  1.  0.  1.  1.  1.]
 [-1.  0. -1.  0.  0.  0.  1.  0. -1.  0. -1.  0.  0.  0. -1. -1.  0.  0.
   0.  1.  0.  0.  0. -1.  0.  1.  0.  0.  1.  0.  1.]
 [ 1.  1.  0.  1.  0.  0.  0.  0. -1.  0.  1.  0.  0.  1.  0.  0. -1. -1.
   0.  0.  0. -1. -1.  0. -1.  0.  0.  0.  0.  0.  0.]
 [ 1. -1.  0.  0.  1.  0.  0.  0.  1. -1.  0.  0.  1.  0.  0.  0.  1.  0.
  -1.  0. -1.  0.  1.  0.  1.  0.  0.  1.  1. -1. -1.]
 [-1.  0.  1.  0.  0.  1.  0.  0. -1.  0. -1.  0.  0.  0. -1.  1.  0.  1.
   1.  0.  0.  0.  0.  1.  1. -1.  0.  1.  1.  1.  1.]
 [-1.  0.  1.  0.  0. -1.  0.  0. -1.  0. -1.  0.  0.  0.  1.  0.  0.  1.
   0.  0.  0.  0.  0.  1.  1.  0.  0. -1. -1.  0.  0.]
 [-1.  0. -1.  0.  0.  0. -1.  1.  1.  1.  0.  1.  0.  0.  0.  0.  0.  0.
   0.  1.  1.  1.  0.  0.  0.  1.  1.  0.  1.  1.  1.]]
2018-03-15 11:51:12,153 Self_Adaption_ECOC F1 F2 or Matrix:
[[ 1.  1.  0. -1.  0.  0.  0.  0.  1.  1.  0. -1.  0.  0.  0.  0.  1.  0.
   0.  0.  1.  0.  0.  0.  1.  0.  1.  0.  1.  1.  1.]
 [-1.  0. -1.  0.  0.  0. -1. -1.  1. -1.  0.  0. -1.  0.  0.  0.  0.  0.
   0. -1.  1.  0.  0.  0.  0.  0. -1.  0.  0.  0.  0.]
 [ 1. -1.  0.  0. -1.  0.  0.  0. -1.  0.  1.  0.  0. -1.  0.  0.  1.  0.
   0.  0.  0.  1.  0.  0.  1.  0.  1.  0.  1.  1.  1.]
 [-1.  0. -1.  0.  0.  0.  1.  0. -1.  0. -1.  0.  0.  0. -1. -1.  0.  0.
   0.  1.  0.  0.  0. -1.  0.  1.  0.  0.  1.  0.  1.]
 [ 1.  1.  0.  1.  0.  0.  0.  0. -1.  0.  1.  0.  0.  1.  0.  0. -1. -1.
   0.  0.  0. -1. -1.  0. -1.  0.  0.  0.  0.  0.  0.]
 [ 1. -1.  0.  0.  1.  0.  0.  0.  1. -1.  0.  0.  1.  0.  0.  0.  1.  0.
  -1.  0. -1.  0.  1.  0.  1.  0.  0.  1.  1. -1. -1.]
 [-1.  0.  1.  0.  0.  1.  0.  0. -1.  0. -1.  0.  0.  0. -1.  1.  0.  1.
   1.  0.  0.  0.  0.  1.  1. -1.  0.  1.  1.  1.  1.]
 [-1.  0.  1.  0.  0. -1.  0.  0. -1.  0. -1.  0.  0.  0.  1.  0.  0.  1.
   0.  0.  0.  0.  0.  1.  1.  0.  0. -1. -1.  0.  0.]
 [-1.  0. -1.  0.  0.  0. -1.  1.  1.  1.  0.  1.  0.  0.  0.  0.  0.  0.
   0.  1.  1.  1.  0.  0.  0.  1.  1.  0.  1.  1.  1.]]
2018-03-15 11:51:12,809 classifier accuracy
[0.973, 0.952, 1.0, 0.933, 0.833, 1.0, 0.966, 0.964, 0.865, 0.936, 0.926, 0.967, 1.0, 0.5, 0.92, 1.0, 0.952, 0.96, 1.0, 1.0, 0.957, 0.944, 1.0, 0.96, 0.978, 1.0, 0.907, 0.931, 0.705, 0.881, 0.884]
2018-03-15 11:51:12,809 diversity
[-0.01, -0.0, -0.022, 0.0, -0.005, -0.019, 0.0, 0.022, -0.014, 0.048, -0.071, 0.022, 0.026, 0.0, -0.034, -0.043, 0.0, 0.0, -0.008, 0.033, -0.006, 0.0, -0.004, 0.0, 0.0, -0.029, 0.027, -0.025, 0.0, 0.0, 0.0]
2018-03-15 11:51:12,809 accuracy: 0.838000
2018-03-15 11:51:12,811 Cancers res are:
2018-03-15 11:51:12,811 [0.93200000000000005, 0.93200000000000005, 0.90500000000000003, 0.90500000000000003, 0.63500000000000001, 0.83799999999999997]
