2018-03-15 09:59:14,788 
 
 feature size: 211
2018-03-15 09:59:14,788 ********************    data:Breast     ECOC:Self_Adaption_ECOC F1 F2 +    *****************
2018-03-15 09:59:15,963 class cplx:
{'ERBB2': 8.7212442382866197e-05, 'basal': 2426357485.4763875, 'cell_lines': 8.2857379783205945e+34, 'lumina': 19860.489738798664, 'normal': 2.758412135637314e-13}
2018-03-15 09:59:15,963 var:1098455261526147992056930749509135230627351645194938371839346897584128.000000 mean:16571475956641189006032361167519744.000000
2018-03-15 09:59:15,963 botttom th:16571475956641189006032361167519744.000000 top th:33142951913282378012064722335039488.000000
2018-03-15 09:59:15,966 column num:2
2018-03-15 09:59:15,967 merged matrix:
[[-1.  0.  1.  0. -1.  0. -1.  1.]
 [ 1. -1.  0.  0. -1.  0. -1. -1.]
 [-1.  0. -1. -1. -1.  0.  1.  0.]
 [ 1.  1.  0.  0.  1. -1.  0.  0.]
 [-1.  0. -1.  1.  1.  1.  0.  0.]]
2018-03-15 09:59:15,970 1.create matrix:
[[-1.  0.  1.  0. -1.  0. -1.  1. -1.  1. -1.  0.  0. -1. -1.]
 [ 1. -1.  0.  0. -1.  0. -1. -1.  0.  0. -1.  1.  0.  0.  0.]
 [-1.  0. -1. -1. -1.  0.  1.  0. -1.  1. -1.  1.  0.  0.  0.]
 [ 1.  1.  0.  0.  1. -1.  0.  0. -1.  0.  0.  0. -1.  0. -1.]
 [-1.  0. -1.  1.  1.  1.  0.  0. -1.  0. -1.  0. -1. -1.  1.]]
2018-03-15 09:59:15,973 2.remove reverse matrix:
[[-1.  0.  1.  0. -1.  0. -1.  1. -1.  1. -1.  0.  0. -1. -1.]
 [ 1. -1.  0.  0. -1.  0. -1. -1.  0.  0. -1.  1.  0.  0.  0.]
 [-1.  0. -1. -1. -1.  0.  1.  0. -1.  1. -1.  1.  0.  0.  0.]
 [ 1.  1.  0.  0.  1. -1.  0.  0. -1.  0.  0.  0. -1.  0. -1.]
 [-1.  0. -1.  1.  1.  1.  0.  0. -1.  0. -1.  0. -1. -1.  1.]]
2018-03-15 09:59:15,976 3.remove duplicate matrix:
[[-1.  0.  1.  0. -1.  0. -1.  1. -1.  1. -1.  0.  0. -1. -1.]
 [ 1. -1.  0.  0. -1.  0. -1. -1.  0.  0. -1.  1.  0.  0.  0.]
 [-1.  0. -1. -1. -1.  0.  1.  0. -1.  1. -1.  1.  0.  0.  0.]
 [ 1.  1.  0.  0.  1. -1.  0.  0. -1.  0.  0.  0. -1.  0. -1.]
 [-1.  0. -1.  1.  1.  1.  0.  0. -1.  0. -1.  0. -1. -1.  1.]]
2018-03-15 09:59:15,977 4.remove unfit matrix:
[[-1.  0.  1.  0. -1.  0. -1.  1. -1.]
 [ 1. -1.  0.  0. -1.  0. -1. -1.  0.]
 [-1.  0. -1. -1. -1.  0.  1.  0.  0.]
 [ 1.  1.  0.  0.  1. -1.  0.  0. -1.]
 [-1.  0. -1.  1.  1.  1.  0.  0.  1.]]
2018-03-15 09:59:16,012 Self_Adaption_ECOC F1 F2 + Matrix:
[[-1.  0.  1.  0. -1.  0. -1.  1. -1.]
 [ 1. -1.  0.  0. -1.  0. -1. -1.  0.]
 [-1.  0. -1. -1. -1.  0.  1.  0.  0.]
 [ 1.  1.  0.  0.  1. -1.  0.  0. -1.]
 [-1.  0. -1.  1.  1.  1.  0.  0.  1.]]
2018-03-15 09:59:16,073 classifier accuracy
[1.0, 0.933, 0.867, 1.0, 1.0, 0.941, 1.0, 1.0, 0.95]
2018-03-15 09:59:16,075 diversity
[-0.037, 0.048, -0.021, 0.157, 0.173, 0.102, -0.261, 0.126, 0.102]
2018-03-15 09:59:16,075 accuracy: 0.967000
2018-03-15 09:59:16,075 ********************    data:Breast     ECOC:Self_Adaption_ECOC F1 F2 -    *****************
2018-03-15 09:59:17,157 class cplx:
{'ERBB2': 8.7212442382866197e-05, 'basal': 2426357485.4763875, 'cell_lines': 8.2857379783205945e+34, 'lumina': 19860.489738798664, 'normal': 2.758412135637314e-13}
2018-03-15 09:59:17,157 var:1098455261526147992056930749509135230627351645194938371839346897584128.000000 mean:16571475956641189006032361167519744.000000
2018-03-15 09:59:17,158 botttom th:16571475956641189006032361167519744.000000 top th:33142951913282378012064722335039488.000000
2018-03-15 09:59:17,158 column num:2
2018-03-15 09:59:17,161 merged matrix:
[[-1.  0.  1.  0. -1.  0. -1.  1.]
 [ 1. -1.  0.  0. -1.  0. -1. -1.]
 [-1.  0. -1. -1. -1.  0.  1.  0.]
 [ 1.  1.  0.  0.  1. -1.  0.  0.]
 [-1.  0. -1.  1.  1.  1.  0.  0.]]
2018-03-15 09:59:17,164 1.create matrix:
[[-1.  0.  1.  0. -1.  0. -1.  1. -1.  1. -1.  1.  1.  1.  0.]
 [ 1. -1.  0.  0. -1.  0. -1. -1. -1.  0. -1.  0. -1. -1.  0.]
 [-1.  0. -1. -1. -1.  0.  1.  0. -1.  0. -1.  1. -1.  1.  1.]
 [ 1.  1.  0.  0.  1. -1.  0.  0.  0.  0. -1.  0.  0. -1.  1.]
 [-1.  0. -1.  1.  1.  1.  0.  0. -1.  1.  0.  0.  1.  0.  1.]]
2018-03-15 09:59:17,167 2.remove reverse matrix:
[[-1.  0.  1.  0. -1.  0. -1.  1. -1.  1. -1.  1.  1.  1.  0.]
 [ 1. -1.  0.  0. -1.  0. -1. -1. -1.  0. -1.  0. -1. -1.  0.]
 [-1.  0. -1. -1. -1.  0.  1.  0. -1.  0. -1.  1. -1.  1.  1.]
 [ 1.  1.  0.  0.  1. -1.  0.  0.  0.  0. -1.  0.  0. -1.  1.]
 [-1.  0. -1.  1.  1.  1.  0.  0. -1.  1.  0.  0.  1.  0.  1.]]
2018-03-15 09:59:17,170 3.remove duplicate matrix:
[[-1.  0.  1.  0. -1.  0. -1.  1. -1.  1. -1.  1.  1.  1.  0.]
 [ 1. -1.  0.  0. -1.  0. -1. -1. -1.  0. -1.  0. -1. -1.  0.]
 [-1.  0. -1. -1. -1.  0.  1.  0. -1.  0. -1.  1. -1.  1.  1.]
 [ 1.  1.  0.  0.  1. -1.  0.  0.  0.  0. -1.  0.  0. -1.  1.]
 [-1.  0. -1.  1.  1.  1.  0.  0. -1.  1.  0.  0.  1.  0.  1.]]
2018-03-15 09:59:17,171 4.remove unfit matrix:
[[-1.  0.  1.  0. -1.  0. -1.  1.  1.  1.]
 [ 1. -1.  0.  0. -1.  0. -1. -1. -1. -1.]
 [-1.  0. -1. -1. -1.  0.  1.  0. -1.  1.]
 [ 1.  1.  0.  0.  1. -1.  0.  0.  0. -1.]
 [-1.  0. -1.  1.  1.  1.  0.  0.  1.  0.]]
2018-03-15 09:59:17,183 Self_Adaption_ECOC F1 F2 - Matrix:
[[-1.  0.  1.  0. -1.  0. -1.  1.  1.  1.]
 [ 1. -1.  0.  0. -1.  0. -1. -1. -1. -1.]
 [-1.  0. -1. -1. -1.  0.  1.  0. -1.  1.]
 [ 1.  1.  0.  0.  1. -1.  0.  0.  0. -1.]
 [-1.  0. -1.  1.  1.  1.  0.  0.  1.  0.]]
2018-03-15 09:59:17,242 classifier accuracy
[1.0, 0.933, 0.867, 1.0, 1.0, 0.941, 1.0, 1.0, 1.0, 0.92]
2018-03-15 09:59:17,242 diversity
[-0.047, 0.066, 0.009, 0.155, 0.144, -0.011, -0.174, 0.153, 0.184, -0.149]
2018-03-15 09:59:17,242 accuracy: 1.000000
2018-03-15 09:59:17,242 ********************    data:Breast     ECOC:Self_Adaption_ECOC F1 F2 *    *****************
2018-03-15 09:59:18,503 class cplx:
{'ERBB2': 8.7212442382866197e-05, 'basal': 2426357485.4763875, 'cell_lines': 8.2857379783205945e+34, 'lumina': 19860.489738798664, 'normal': 2.758412135637314e-13}
2018-03-15 09:59:18,503 var:1098455261526147992056930749509135230627351645194938371839346897584128.000000 mean:16571475956641189006032361167519744.000000
2018-03-15 09:59:18,505 botttom th:16571475956641189006032361167519744.000000 top th:33142951913282378012064722335039488.000000
2018-03-15 09:59:18,505 column num:2
2018-03-15 09:59:18,506 merged matrix:
[[-1.  0.  1.  0. -1.  0. -1.  1.]
 [ 1. -1.  0.  0. -1.  0. -1. -1.]
 [-1.  0. -1. -1. -1.  0.  1.  0.]
 [ 1.  1.  0.  0.  1. -1.  0.  0.]
 [-1.  0. -1.  1.  1.  1.  0.  0.]]
2018-03-15 09:59:18,509 1.create matrix:
[[-1.  0.  1.  0. -1.  0. -1.  1.  0.  0.  0. -1.  0.  0.  0.]
 [ 1. -1.  0.  0. -1.  0. -1. -1. -1.  0.  0.  1.  0.  0.  0.]
 [-1.  0. -1. -1. -1.  0.  1.  0.  0.  1.  0.  0.  0.  0.  0.]
 [ 1.  1.  0.  0.  1. -1.  0.  0.  1.  0. -1.  0.  0.  0.  0.]
 [-1.  0. -1.  1.  1.  1.  0.  0.  0. -1.  1.  0.  0.  0.  0.]]
2018-03-15 09:59:18,513 2.remove reverse matrix:
[[-1.  0.  1.  0. -1.  0. -1.  1.  0.  0.  0.]
 [ 1. -1.  0.  0. -1.  0. -1. -1. -1.  0.  0.]
 [-1.  0. -1. -1. -1.  0.  1.  0.  0.  0.  0.]
 [ 1.  1.  0.  0.  1. -1.  0.  0.  1. -1.  0.]
 [-1.  0. -1.  1.  1.  1.  0.  0.  0.  1.  0.]]
2018-03-15 09:59:18,515 3.remove duplicate matrix:
[[-1.  0.  1.  0. -1.  0. -1.  1.  0.  0.  0.]
 [ 1. -1.  0.  0. -1.  0. -1. -1. -1.  0.  0.]
 [-1.  0. -1. -1. -1.  0.  1.  0.  0.  0.  0.]
 [ 1.  1.  0.  0.  1. -1.  0.  0.  1. -1.  0.]
 [-1.  0. -1.  1.  1.  1.  0.  0.  0.  1.  0.]]
2018-03-15 09:59:18,516 4.remove unfit matrix:
[[-1.  0.  1.  0. -1.  0. -1.  1.  0.  0.]
 [ 1. -1.  0.  0. -1.  0. -1. -1. -1.  0.]
 [-1.  0. -1. -1. -1.  0.  1.  0.  0.  0.]
 [ 1.  1.  0.  0.  1. -1.  0.  0.  1. -1.]
 [-1.  0. -1.  1.  1.  1.  0.  0.  0.  1.]]
2018-03-15 09:59:18,529 Self_Adaption_ECOC F1 F2 * Matrix:
[[-1.  0.  1.  0. -1.  0. -1.  1.  0.  0.]
 [ 1. -1.  0.  0. -1.  0. -1. -1. -1.  0.]
 [-1.  0. -1. -1. -1.  0.  1.  0.  0.  0.]
 [ 1.  1.  0.  0.  1. -1.  0.  0.  1. -1.]
 [-1.  0. -1.  1.  1.  1.  0.  0.  0.  1.]]
2018-03-15 09:59:18,591 classifier accuracy
[1.0, 0.933, 0.867, 1.0, 1.0, 0.941, 1.0, 1.0, 0.933, 0.941]
2018-03-15 09:59:18,591 diversity
[-0.047, 0.143, -0.018, 0.158, 0.173, 0.094, -0.231, 0.127, 0.143, 0.094]
2018-03-15 09:59:18,591 accuracy: 0.933000
2018-03-15 09:59:18,592 ********************    data:Breast     ECOC:Self_Adaption_ECOC F1 F2 /    *****************
2018-03-15 09:59:19,971 class cplx:
{'ERBB2': 8.7212442382866197e-05, 'basal': 2426357485.4763875, 'cell_lines': 8.2857379783205945e+34, 'lumina': 19860.489738798664, 'normal': 2.758412135637314e-13}
2018-03-15 09:59:19,980 var:1098455261526147992056930749509135230627351645194938371839346897584128.000000 mean:16571475956641189006032361167519744.000000
2018-03-15 09:59:19,980 botttom th:16571475956641189006032361167519744.000000 top th:33142951913282378012064722335039488.000000
2018-03-15 09:59:19,980 column num:2
2018-03-15 09:59:19,982 merged matrix:
[[-1.  0.  1.  0. -1.  0. -1.  1.]
 [ 1. -1.  0.  0. -1.  0. -1. -1.]
 [-1.  0. -1. -1. -1.  0.  1.  0.]
 [ 1.  1.  0.  0.  1. -1.  0.  0.]
 [-1.  0. -1.  1.  1.  1.  0.  0.]]
2018-03-15 09:59:19,982 ERROR: The denominator of Ternary Divide is zero!
2018-03-15 09:59:19,982 ERROR: left -1, right 0, left and right node is wrong!
2018-03-15 09:59:19,982 ERROR: The denominator of Ternary Divide is zero!
2018-03-15 09:59:19,983 ERROR: left -1, right 0, left and right node is wrong!
2018-03-15 09:59:19,983 ERROR: The denominator of Ternary Divide is zero!
2018-03-15 09:59:19,983 ERROR: left -1, right 0, left and right node is wrong!
2018-03-15 09:59:19,983 ERROR: The denominator of Ternary Divide is zero!
2018-03-15 09:59:19,983 ERROR: left 1, right 0, left and right node is wrong!
2018-03-15 09:59:19,983 ERROR: The denominator of Ternary Divide is zero!
2018-03-15 09:59:19,983 ERROR: The denominator of Ternary Divide is zero!
2018-03-15 09:59:19,983 ERROR: The denominator of Ternary Divide is zero!
2018-03-15 09:59:19,983 ERROR: left -1, right 0, left and right node is wrong!
2018-03-15 09:59:19,983 ERROR: The denominator of Ternary Divide is zero!
2018-03-15 09:59:19,983 ERROR: left -1, right 0, left and right node is wrong!
2018-03-15 09:59:19,983 ERROR: The denominator of Ternary Divide is zero!
2018-03-15 09:59:19,983 ERROR: left -1, right 0, left and right node is wrong!
2018-03-15 09:59:19,983 ERROR: The denominator of Ternary Divide is zero!
2018-03-15 09:59:19,983 ERROR: left 1, right 0, left and right node is wrong!
2018-03-15 09:59:19,983 ERROR: The denominator of Ternary Divide is zero!
2018-03-15 09:59:19,984 ERROR: The denominator of Ternary Divide is zero!
2018-03-15 09:59:19,984 ERROR: The denominator of Ternary Divide is zero!
2018-03-15 09:59:19,984 ERROR: The denominator of Ternary Divide is zero!
2018-03-15 09:59:19,984 ERROR: left -1, right 0, left and right node is wrong!
2018-03-15 09:59:19,984 ERROR: The denominator of Ternary Divide is zero!
2018-03-15 09:59:19,984 ERROR: left 1, right 0, left and right node is wrong!
2018-03-15 09:59:19,984 ERROR: The denominator of Ternary Divide is zero!
2018-03-15 09:59:19,984 ERROR: The denominator of Ternary Divide is zero!
2018-03-15 09:59:19,986 ERROR: left -1, right 0, left and right node is wrong!
2018-03-15 09:59:19,986 ERROR: The denominator of Ternary Divide is zero!
2018-03-15 09:59:19,986 ERROR: left 1, right 0, left and right node is wrong!
2018-03-15 09:59:19,986 ERROR: The denominator of Ternary Divide is zero!
2018-03-15 09:59:19,986 ERROR: The denominator of Ternary Divide is zero!
2018-03-15 09:59:19,986 ERROR: The denominator of Ternary Divide is zero!
2018-03-15 09:59:19,986 ERROR: The denominator of Ternary Divide is zero!
2018-03-15 09:59:19,986 ERROR: The denominator of Ternary Divide is zero!
2018-03-15 09:59:19,989 1.create matrix:
[[-1.  0.  1.  0. -1.  0. -1.  1.  0.  0.  0. -1.  0.  0.  0.]
 [ 1. -1.  0.  0. -1.  0. -1. -1. -1.  0.  0.  1.  0.  0.  0.]
 [-1.  0. -1. -1. -1.  0.  1.  0.  0.  1.  0.  0.  0.  0.  0.]
 [ 1.  1.  0.  0.  1. -1.  0.  0.  1.  0. -1.  0.  0.  0.  0.]
 [-1.  0. -1.  1.  1.  1.  0.  0.  0. -1.  1.  0.  0.  0.  0.]]
2018-03-15 09:59:19,993 2.remove reverse matrix:
[[-1.  0.  1.  0. -1.  0. -1.  1.  0.  0.  0.]
 [ 1. -1.  0.  0. -1.  0. -1. -1. -1.  0.  0.]
 [-1.  0. -1. -1. -1.  0.  1.  0.  0.  0.  0.]
 [ 1.  1.  0.  0.  1. -1.  0.  0.  1. -1.  0.]
 [-1.  0. -1.  1.  1.  1.  0.  0.  0.  1.  0.]]
2018-03-15 09:59:19,993 3.remove duplicate matrix:
[[-1.  0.  1.  0. -1.  0. -1.  1.  0.  0.  0.]
 [ 1. -1.  0.  0. -1.  0. -1. -1. -1.  0.  0.]
 [-1.  0. -1. -1. -1.  0.  1.  0.  0.  0.  0.]
 [ 1.  1.  0.  0.  1. -1.  0.  0.  1. -1.  0.]
 [-1.  0. -1.  1.  1.  1.  0.  0.  0.  1.  0.]]
2018-03-15 09:59:19,996 4.remove unfit matrix:
[[-1.  0.  1.  0. -1.  0. -1.  1.  0.  0.]
 [ 1. -1.  0.  0. -1.  0. -1. -1. -1.  0.]
 [-1.  0. -1. -1. -1.  0.  1.  0.  0.  0.]
 [ 1.  1.  0.  0.  1. -1.  0.  0.  1. -1.]
 [-1.  0. -1.  1.  1.  1.  0.  0.  0.  1.]]
2018-03-15 09:59:20,006 Self_Adaption_ECOC F1 F2 / Matrix:
[[-1.  0.  1.  0. -1.  0. -1.  1.  0.  0.]
 [ 1. -1.  0.  0. -1.  0. -1. -1. -1.  0.]
 [-1.  0. -1. -1. -1.  0.  1.  0.  0.  0.]
 [ 1.  1.  0.  0.  1. -1.  0.  0.  1. -1.]
 [-1.  0. -1.  1.  1.  1.  0.  0.  0.  1.]]
2018-03-15 09:59:20,062 classifier accuracy
[1.0, 0.933, 0.867, 1.0, 1.0, 0.941, 1.0, 1.0, 0.933, 0.941]
2018-03-15 09:59:20,062 diversity
[-0.047, 0.143, -0.018, 0.158, 0.173, 0.094, -0.231, 0.127, 0.143, 0.094]
2018-03-15 09:59:20,062 accuracy: 0.933000
2018-03-15 09:59:20,062 ********************    data:Breast     ECOC:Self_Adaption_ECOC F1 F2 and    *****************
2018-03-15 09:59:21,134 class cplx:
{'ERBB2': 8.7212442382866197e-05, 'basal': 2426357485.4763875, 'cell_lines': 8.2857379783205945e+34, 'lumina': 19860.489738798664, 'normal': 2.758412135637314e-13}
2018-03-15 09:59:21,134 var:1098455261526147992056930749509135230627351645194938371839346897584128.000000 mean:16571475956641189006032361167519744.000000
2018-03-15 09:59:21,134 botttom th:16571475956641189006032361167519744.000000 top th:33142951913282378012064722335039488.000000
2018-03-15 09:59:21,134 column num:2
2018-03-15 09:59:21,134 merged matrix:
[[-1.  0.  1.  0. -1.  0. -1.  1.]
 [ 1. -1.  0.  0. -1.  0. -1. -1.]
 [-1.  0. -1. -1. -1.  0.  1.  0.]
 [ 1.  1.  0.  0.  1. -1.  0.  0.]
 [-1.  0. -1.  1.  1.  1.  0.  0.]]
2018-03-15 09:59:21,138 1.create matrix:
[[-1.  0.  1.  0. -1.  0. -1.  1. -1.  0. -1. -1. -1. -1. -1.]
 [ 1. -1.  0.  0. -1.  0. -1. -1. -1.  0. -1. -1. -1. -1. -1.]
 [-1.  0. -1. -1. -1.  0.  1.  0. -1. -1. -1.  0. -1. -1. -1.]
 [ 1.  1.  0.  0.  1. -1.  0.  0.  1.  0. -1.  0.  0. -1. -1.]
 [-1.  0. -1.  1.  1.  1.  0.  0. -1. -1.  1.  0. -1.  0. -1.]]
2018-03-15 09:59:21,142 2.remove reverse matrix:
[[-1.  0.  1.  0. -1.  0. -1.  1. -1.  0. -1. -1. -1. -1. -1.]
 [ 1. -1.  0.  0. -1.  0. -1. -1. -1.  0. -1. -1. -1. -1. -1.]
 [-1.  0. -1. -1. -1.  0.  1.  0. -1. -1. -1.  0. -1. -1. -1.]
 [ 1.  1.  0.  0.  1. -1.  0.  0.  1.  0. -1.  0.  0. -1. -1.]
 [-1.  0. -1.  1.  1.  1.  0.  0. -1. -1.  1.  0. -1.  0. -1.]]
2018-03-15 09:59:21,145 3.remove duplicate matrix:
[[-1.  0.  1.  0. -1.  0. -1.  1. -1.  0. -1. -1. -1. -1. -1.]
 [ 1. -1.  0.  0. -1.  0. -1. -1. -1.  0. -1. -1. -1. -1. -1.]
 [-1.  0. -1. -1. -1.  0.  1.  0. -1. -1. -1.  0. -1. -1. -1.]
 [ 1.  1.  0.  0.  1. -1.  0.  0.  1.  0. -1.  0.  0. -1. -1.]
 [-1.  0. -1.  1.  1.  1.  0.  0. -1. -1.  1.  0. -1.  0. -1.]]
2018-03-15 09:59:21,148 4.remove unfit matrix:
[[-1.  0.  1.  0. -1.  0. -1.  1. -1. -1.]
 [ 1. -1.  0.  0. -1.  0. -1. -1. -1. -1.]
 [-1.  0. -1. -1. -1.  0.  1.  0. -1. -1.]
 [ 1.  1.  0.  0.  1. -1.  0.  0.  1. -1.]
 [-1.  0. -1.  1.  1.  1.  0.  0. -1.  1.]]
2018-03-15 09:59:21,158 Self_Adaption_ECOC F1 F2 and Matrix:
[[-1.  0.  1.  0. -1.  0. -1.  1. -1. -1.]
 [ 1. -1.  0.  0. -1.  0. -1. -1. -1. -1.]
 [-1.  0. -1. -1. -1.  0.  1.  0. -1. -1.]
 [ 1.  1.  0.  0.  1. -1.  0.  0.  1. -1.]
 [-1.  0. -1.  1.  1.  1.  0.  0. -1.  1.]]
2018-03-15 09:59:21,217 classifier accuracy
[1.0, 0.933, 0.867, 1.0, 1.0, 0.941, 1.0, 1.0, 0.967, 0.933]
2018-03-15 09:59:21,217 diversity
[0.047, 0.051, -0.025, 0.158, 0.212, 0.051, -0.271, 0.18, 0.136, 0.063]
2018-03-15 09:59:21,217 accuracy: 1.000000
2018-03-15 09:59:21,217 ********************    data:Breast     ECOC:Self_Adaption_ECOC F1 F2 or    *****************
2018-03-15 09:59:22,348 class cplx:
{'ERBB2': 8.7212442382866197e-05, 'basal': 2426357485.4763875, 'cell_lines': 8.2857379783205945e+34, 'lumina': 19860.489738798664, 'normal': 2.758412135637314e-13}
2018-03-15 09:59:22,348 var:1098455261526147992056930749509135230627351645194938371839346897584128.000000 mean:16571475956641189006032361167519744.000000
2018-03-15 09:59:22,348 botttom th:16571475956641189006032361167519744.000000 top th:33142951913282378012064722335039488.000000
2018-03-15 09:59:22,348 column num:2
2018-03-15 09:59:22,349 merged matrix:
[[-1.  0.  1.  0. -1.  0. -1.  1.]
 [ 1. -1.  0.  0. -1.  0. -1. -1.]
 [-1.  0. -1. -1. -1.  0.  1.  0.]
 [ 1.  1.  0.  0.  1. -1.  0.  0.]
 [-1.  0. -1.  1.  1.  1.  0.  0.]]
2018-03-15 09:59:22,352 1.create matrix:
[[-1.  0.  1.  0. -1.  0. -1.  1.  0.  1.  0.  1.  1.  1.  1.]
 [ 1. -1.  0.  0. -1.  0. -1. -1.  1.  0.  0. -1.  1.  0.  1.]
 [-1.  0. -1. -1. -1.  0.  1.  0.  0. -1.  0.  1.  0.  1.  1.]
 [ 1.  1.  0.  0.  1. -1.  0.  0.  1.  0.  1.  0.  1.  1.  1.]
 [-1.  0. -1.  1.  1.  1.  0.  0.  0.  1.  1.  0.  1.  1.  1.]]
2018-03-15 09:59:22,357 2.remove reverse matrix:
[[-1.  0.  1.  0. -1.  0. -1.  1.  0.  1.  0.  1.  1.  1.  1.]
 [ 1. -1.  0.  0. -1.  0. -1. -1.  1.  0.  0. -1.  1.  0.  1.]
 [-1.  0. -1. -1. -1.  0.  1.  0.  0. -1.  0.  1.  0.  1.  1.]
 [ 1.  1.  0.  0.  1. -1.  0.  0.  1.  0.  1.  0.  1.  1.  1.]
 [-1.  0. -1.  1.  1.  1.  0.  0.  0.  1.  1.  0.  1.  1.  1.]]
2018-03-15 09:59:22,358 3.remove duplicate matrix:
[[-1.  0.  1.  0. -1.  0. -1.  1.  0.  1.  0.  1.  1.  1.  1.]
 [ 1. -1.  0.  0. -1.  0. -1. -1.  1.  0.  0. -1.  1.  0.  1.]
 [-1.  0. -1. -1. -1.  0.  1.  0.  0. -1.  0.  1.  0.  1.  1.]
 [ 1.  1.  0.  0.  1. -1.  0.  0.  1.  0.  1.  0.  1.  1.  1.]
 [-1.  0. -1.  1.  1.  1.  0.  0.  0.  1.  1.  0.  1.  1.  1.]]
2018-03-15 09:59:22,361 4.remove unfit matrix:
[[-1.  0.  1.  0. -1.  0. -1.  1.  1.  1.]
 [ 1. -1.  0.  0. -1.  0. -1. -1.  0. -1.]
 [-1.  0. -1. -1. -1.  0.  1.  0. -1.  1.]
 [ 1.  1.  0.  0.  1. -1.  0.  0.  0.  0.]
 [-1.  0. -1.  1.  1.  1.  0.  0.  1.  0.]]
2018-03-15 09:59:22,372 Self_Adaption_ECOC F1 F2 or Matrix:
[[-1.  0.  1.  0. -1.  0. -1.  1.  1.  1.]
 [ 1. -1.  0.  0. -1.  0. -1. -1.  0. -1.]
 [-1.  0. -1. -1. -1.  0.  1.  0. -1.  1.]
 [ 1.  1.  0.  0.  1. -1.  0.  0.  0.  0.]
 [-1.  0. -1.  1.  1.  1.  0.  0.  1.  0.]]
2018-03-15 09:59:22,427 classifier accuracy
[1.0, 0.933, 0.867, 1.0, 1.0, 0.941, 1.0, 1.0, 1.0, 0.923]
2018-03-15 09:59:22,427 diversity
[0.027, 0.13, -0.01, 0.194, 0.209, 0.003, -0.266, 0.173, 0.139, 0.13]
2018-03-15 09:59:22,427 accuracy: 0.967000
2018-03-15 09:59:22,428 Breast res are:
2018-03-15 09:59:22,428 [0.96699999999999997, 1.0, 0.93300000000000005, 0.93300000000000005, 1.0, 0.96699999999999997]
2018-03-15 09:59:22,719 
 
 feature size: 473
2018-03-15 09:59:22,719 ********************    data:Cancers    ECOC:Self_Adaption_ECOC F1 F2 +    *****************
2018-03-15 09:59:26,201 class cplx:
{'PR': 5.9835645794362729e-132, 'LU_A': 5.0147778692907834e-07, 'CO': 3.2180856784677684e-21, 'BR': 1.8754402003346297e-37, 'KI': 3.5571834099235335e-92, 'LI': 28564589.60700028, 'LU_S': 3.8882514919224617e-34, 'GA': 5.3711659643066908e-25, 'OV': 3.1345953981394306e-06}
2018-03-15 09:59:26,203 var:80586249818896.031250 mean:3173843.289667
2018-03-15 09:59:26,203 botttom th:3173843.289667 top th:6347686.579334
2018-03-15 09:59:26,203 column num:2
2018-03-15 09:59:26,206 merged matrix:
[[ 1.  1.  0. -1.  0.  0.  0.  0.  1.  1.  0. -1.  0.  0.  0.  0.]
 [-1.  0. -1.  0.  0.  0. -1. -1.  1. -1.  0.  0. -1.  0.  0.  0.]
 [ 1. -1.  0.  0. -1.  0.  0.  0. -1.  0.  1.  0.  0. -1.  0.  0.]
 [-1.  0. -1.  0.  0.  0.  1.  0. -1.  0. -1.  0.  0.  0. -1. -1.]
 [ 1.  1.  0.  1.  0.  0.  0.  0. -1.  0.  1.  0.  0.  1.  0.  0.]
 [ 1. -1.  0.  0.  1.  0.  0.  0.  1. -1.  0.  0.  1.  0.  0.  0.]
 [-1.  0.  1.  0.  0.  1.  0.  0. -1.  0. -1.  0.  0.  0. -1.  1.]
 [-1.  0.  1.  0.  0. -1.  0.  0. -1.  0. -1.  0.  0.  0.  1.  0.]
 [-1.  0. -1.  0.  0.  0. -1.  1.  1.  1.  0.  1.  0.  0.  0.  0.]]
2018-03-15 09:59:26,216 1.create matrix:
[[ 1.  1.  0. -1.  0.  0.  0.  0.  1.  1.  0. -1.  0.  0.  0.  0. -1. -1.
   0.  0. -1. -1.  0.  0.  1.  0.  1.  0.  1.  1. -1.]
 [-1.  0. -1.  0.  0.  0. -1. -1.  1. -1.  0.  0. -1.  0.  0.  0. -1. -1.
   0.  1.  0.  0. -1.  0.  1.  1.  0. -1. -1. -1.  1.]
 [ 1. -1.  0.  0. -1.  0.  0.  0. -1.  0.  1.  0.  0. -1.  0.  0.  0.  0.
  -1.  0. -1.  1. -1.  0.  0. -1.  0. -1. -1. -1.  1.]
 [-1.  0. -1.  0.  0.  0.  1.  0. -1.  0. -1.  0.  0.  0. -1. -1. -1. -1.
   0.  1. -1. -1.  0.  1.  1.  1.  1.  1. -1. -1.  1.]
 [ 1.  1.  0.  1.  0.  0.  0.  0. -1.  0.  1.  0.  0.  1.  0.  0. -1.  1.
   0.  0. -1.  1.  1.  0.  0.  0.  0.  1.  0.  1.  1.]
 [ 1. -1.  0.  0.  1.  0.  0.  0.  1. -1.  0.  0.  1.  0.  0.  0.  0.  0.
   1.  0.  0.  0.  1.  0.  0.  1.  0.  1.  1.  1. -1.]
 [-1.  0.  1.  0.  0.  1.  0.  0. -1.  0. -1.  0.  0.  0. -1.  1. -1.  1.
   1.  0. -1. -1.  0.  0.  0.  1.  1.  0.  1.  1. -1.]
 [-1.  0.  1.  0.  0. -1.  0.  0. -1.  0. -1.  0.  0.  0.  1.  0. -1.  1.
  -1.  0. -1. -1.  0.  1.  0. -1.  1.  1. -1. -1.  1.]
 [-1.  0. -1.  0.  0.  0. -1.  1.  1.  1.  0.  1.  0.  0.  0.  0. -1. -1.
   0.  0. -1.  1.  0.  0.  1.  0.  0.  0.  1.  0.  1.]]
2018-03-15 09:59:26,230 2.remove reverse matrix:
[[ 1.  1.  0. -1.  0.  0.  0.  0.  1.  1.  0. -1.  0.  0.  0.  0. -1. -1.
   0.  0. -1. -1.  0.  0.  1.  0.  1.  0.  1.  1. -1.]
 [-1.  0. -1.  0.  0.  0. -1. -1.  1. -1.  0.  0. -1.  0.  0.  0. -1. -1.
   0.  1.  0.  0. -1.  0.  1.  1.  0. -1. -1. -1.  1.]
 [ 1. -1.  0.  0. -1.  0.  0.  0. -1.  0.  1.  0.  0. -1.  0.  0.  0.  0.
  -1.  0. -1.  1. -1.  0.  0. -1.  0. -1. -1. -1.  1.]
 [-1.  0. -1.  0.  0.  0.  1.  0. -1.  0. -1.  0.  0.  0. -1. -1. -1. -1.
   0.  1. -1. -1.  0.  1.  1.  1.  1.  1. -1. -1.  1.]
 [ 1.  1.  0.  1.  0.  0.  0.  0. -1.  0.  1.  0.  0.  1.  0.  0. -1.  1.
   0.  0. -1.  1.  1.  0.  0.  0.  0.  1.  0.  1.  1.]
 [ 1. -1.  0.  0.  1.  0.  0.  0.  1. -1.  0.  0.  1.  0.  0.  0.  0.  0.
   1.  0.  0.  0.  1.  0.  0.  1.  0.  1.  1.  1. -1.]
 [-1.  0.  1.  0.  0.  1.  0.  0. -1.  0. -1.  0.  0.  0. -1.  1. -1.  1.
   1.  0. -1. -1.  0.  0.  0.  1.  1.  0.  1.  1. -1.]
 [-1.  0.  1.  0.  0. -1.  0.  0. -1.  0. -1.  0.  0.  0.  1.  0. -1.  1.
  -1.  0. -1. -1.  0.  1.  0. -1.  1.  1. -1. -1.  1.]
 [-1.  0. -1.  0.  0.  0. -1.  1.  1.  1.  0.  1.  0.  0.  0.  0. -1. -1.
   0.  0. -1.  1.  0.  0.  1.  0.  0.  0.  1.  0.  1.]]
2018-03-15 09:59:26,239 3.remove duplicate matrix:
[[ 1.  1.  0. -1.  0.  0.  0.  0.  1.  1.  0. -1.  0.  0.  0.  0. -1. -1.
   0.  0. -1. -1.  0.  0.  1.  0.  1.  0.  1.  1. -1.]
 [-1.  0. -1.  0.  0.  0. -1. -1.  1. -1.  0.  0. -1.  0.  0.  0. -1. -1.
   0.  1.  0.  0. -1.  0.  1.  1.  0. -1. -1. -1.  1.]
 [ 1. -1.  0.  0. -1.  0.  0.  0. -1.  0.  1.  0.  0. -1.  0.  0.  0.  0.
  -1.  0. -1.  1. -1.  0.  0. -1.  0. -1. -1. -1.  1.]
 [-1.  0. -1.  0.  0.  0.  1.  0. -1.  0. -1.  0.  0.  0. -1. -1. -1. -1.
   0.  1. -1. -1.  0.  1.  1.  1.  1.  1. -1. -1.  1.]
 [ 1.  1.  0.  1.  0.  0.  0.  0. -1.  0.  1.  0.  0.  1.  0.  0. -1.  1.
   0.  0. -1.  1.  1.  0.  0.  0.  0.  1.  0.  1.  1.]
 [ 1. -1.  0.  0.  1.  0.  0.  0.  1. -1.  0.  0.  1.  0.  0.  0.  0.  0.
   1.  0.  0.  0.  1.  0.  0.  1.  0.  1.  1.  1. -1.]
 [-1.  0.  1.  0.  0.  1.  0.  0. -1.  0. -1.  0.  0.  0. -1.  1. -1.  1.
   1.  0. -1. -1.  0.  0.  0.  1.  1.  0.  1.  1. -1.]
 [-1.  0.  1.  0.  0. -1.  0.  0. -1.  0. -1.  0.  0.  0.  1.  0. -1.  1.
  -1.  0. -1. -1.  0.  1.  0. -1.  1.  1. -1. -1.  1.]
 [-1.  0. -1.  0.  0.  0. -1.  1.  1.  1.  0.  1.  0.  0.  0.  0. -1. -1.
   0.  0. -1.  1.  0.  0.  1.  0.  0.  0.  1.  0.  1.]]
2018-03-15 09:59:26,244 4.remove unfit matrix:
[[ 1.  1.  0. -1.  0.  0.  0.  0.  1.  1.  0. -1.  0.  0.  0.  0. -1.  0.
  -1.  0.  0.  0.  1.  1. -1.]
 [-1.  0. -1.  0.  0.  0. -1. -1.  1. -1.  0.  0. -1.  0.  0.  0. -1.  0.
   0. -1.  1. -1. -1. -1.  1.]
 [ 1. -1.  0.  0. -1.  0.  0.  0. -1.  0.  1.  0.  0. -1.  0.  0.  0. -1.
   1. -1. -1. -1. -1. -1.  1.]
 [-1.  0. -1.  0.  0.  0.  1.  0. -1.  0. -1.  0.  0.  0. -1. -1. -1.  0.
  -1.  0.  1.  1. -1. -1.  1.]
 [ 1.  1.  0.  1.  0.  0.  0.  0. -1.  0.  1.  0.  0.  1.  0.  0.  1.  0.
   1.  1.  0.  1.  0.  1.  1.]
 [ 1. -1.  0.  0.  1.  0.  0.  0.  1. -1.  0.  0.  1.  0.  0.  0.  0.  1.
   0.  1.  1.  1.  1.  1. -1.]
 [-1.  0.  1.  0.  0.  1.  0.  0. -1.  0. -1.  0.  0.  0. -1.  1.  1.  1.
  -1.  0.  1.  0.  1.  1. -1.]
 [-1.  0.  1.  0.  0. -1.  0.  0. -1.  0. -1.  0.  0.  0.  1.  0.  1. -1.
  -1.  0. -1.  1. -1. -1.  1.]
 [-1.  0. -1.  0.  0.  0. -1.  1.  1.  1.  0.  1.  0.  0.  0.  0. -1.  0.
   1.  0.  0.  0.  1.  0.  1.]]
2018-03-15 09:59:26,309 Self_Adaption_ECOC F1 F2 + Matrix:
[[ 1.  1.  0. -1.  0.  0.  0.  0.  1.  1.  0. -1.  0.  0.  0.  0. -1.  0.
  -1.  0.  0.  0.  1.  1. -1.]
 [-1.  0. -1.  0.  0.  0. -1. -1.  1. -1.  0.  0. -1.  0.  0.  0. -1.  0.
   0. -1.  1. -1. -1. -1.  1.]
 [ 1. -1.  0.  0. -1.  0.  0.  0. -1.  0.  1.  0.  0. -1.  0.  0.  0. -1.
   1. -1. -1. -1. -1. -1.  1.]
 [-1.  0. -1.  0.  0.  0.  1.  0. -1.  0. -1.  0.  0.  0. -1. -1. -1.  0.
  -1.  0.  1.  1. -1. -1.  1.]
 [ 1.  1.  0.  1.  0.  0.  0.  0. -1.  0.  1.  0.  0.  1.  0.  0.  1.  0.
   1.  1.  0.  1.  0.  1.  1.]
 [ 1. -1.  0.  0.  1.  0.  0.  0.  1. -1.  0.  0.  1.  0.  0.  0.  0.  1.
   0.  1.  1.  1.  1.  1. -1.]
 [-1.  0.  1.  0.  0.  1.  0.  0. -1.  0. -1.  0.  0.  0. -1.  1.  1.  1.
  -1.  0.  1.  0.  1.  1. -1.]
 [-1.  0.  1.  0.  0. -1.  0.  0. -1.  0. -1.  0.  0.  0.  1.  0.  1. -1.
  -1.  0. -1.  1. -1. -1.  1.]
 [-1.  0. -1.  0.  0.  0. -1.  1.  1.  1.  0.  1.  0.  0.  0.  0. -1.  0.
   1.  0.  0.  0.  1.  0.  1.]]
2018-03-15 09:59:26,802 classifier accuracy
[0.973, 0.952, 1.0, 0.933, 0.833, 1.0, 0.966, 0.964, 0.865, 0.936, 0.926, 0.967, 1.0, 0.5, 0.92, 1.0, 0.941, 0.967, 0.965, 0.947, 0.884, 0.947, 0.932, 0.931, 0.892]
2018-03-15 09:59:26,802 diversity
[0.009, -0.016, -0.013, 0.0, 0.027, -0.006, 0.0, 0.046, -0.024, 0.047, -0.113, 0.046, 0.063, 0.0, -0.063, -0.054, -0.02, 0.03, -0.046, 0.061, -0.004, 0.06, 0.101, 0.057, -0.085]
2018-03-15 09:59:26,802 accuracy: 0.878000
2018-03-15 09:59:26,802 ********************    data:Cancers    ECOC:Self_Adaption_ECOC F1 F2 -    *****************
2018-03-15 09:59:30,994 class cplx:
{'PR': 5.9835645794362729e-132, 'LU_A': 5.0147778692907834e-07, 'CO': 3.2180856784677684e-21, 'BR': 1.8754402003346297e-37, 'KI': 3.5571834099235335e-92, 'LI': 28564589.60700028, 'LU_S': 3.8882514919224617e-34, 'GA': 5.3711659643066908e-25, 'OV': 3.1345953981394306e-06}
2018-03-15 09:59:30,994 var:80586249818896.031250 mean:3173843.289667
2018-03-15 09:59:30,994 botttom th:3173843.289667 top th:6347686.579334
2018-03-15 09:59:30,994 column num:2
2018-03-15 09:59:30,999 merged matrix:
[[ 1.  1.  0. -1.  0.  0.  0.  0.  1.  1.  0. -1.  0.  0.  0.  0.]
 [-1.  0. -1.  0.  0.  0. -1. -1.  1. -1.  0.  0. -1.  0.  0.  0.]
 [ 1. -1.  0.  0. -1.  0.  0.  0. -1.  0.  1.  0.  0. -1.  0.  0.]
 [-1.  0. -1.  0.  0.  0.  1.  0. -1.  0. -1.  0.  0.  0. -1. -1.]
 [ 1.  1.  0.  1.  0.  0.  0.  0. -1.  0.  1.  0.  0.  1.  0.  0.]
 [ 1. -1.  0.  0.  1.  0.  0.  0.  1. -1.  0.  0.  1.  0.  0.  0.]
 [-1.  0.  1.  0.  0.  1.  0.  0. -1.  0. -1.  0.  0.  0. -1.  1.]
 [-1.  0.  1.  0.  0. -1.  0.  0. -1.  0. -1.  0.  0.  0.  1.  0.]
 [-1.  0. -1.  0.  0.  0. -1.  1.  1.  1.  0.  1.  0.  0.  0.  0.]]
2018-03-15 09:59:31,009 1.create matrix:
[[ 1.  1.  0. -1.  0.  0.  0.  0.  1.  1.  0. -1.  0.  0.  0.  0.  0.  1.
   0.  0.  0.  1.  0.  0. -1.  0. -1.  0. -1. -1.  0.]
 [-1.  0. -1.  0.  0.  0. -1. -1.  1. -1.  0.  0. -1.  0.  0.  0. -1. -1.
   0.  0. -1.  0. -1.  0.  0.  0. -1. -1.  0.  0.  0.]
 [ 1. -1.  0.  0. -1.  0.  0.  0. -1.  0.  1.  0.  0. -1.  0.  0. -1.  0.
  -1.  0. -1.  1.  1.  0. -1. -1.  1.  1.  0.  0.  0.]
 [-1.  0. -1.  0.  0.  0.  1.  0. -1.  0. -1.  0.  0.  0. -1. -1. -1. -1.
   0.  1. -1. -1.  0.  0.  0. -1.  0.  0.  1.  0.  1.]
 [ 1.  1.  0.  1.  0.  0.  0.  0. -1.  0.  1.  0.  0.  1.  0.  0.  0. -1.
   0.  0. -1.  1. -1.  0.  1.  0.  1. -1.  1. -1. -1.]
 [ 1. -1.  0.  0.  1.  0.  0.  0.  1. -1.  0.  0.  1.  0.  0.  0. -1.  0.
   1.  0. -1.  0.  1.  0. -1.  1. -1.  1.  1.  1.  0.]
 [-1.  0.  1.  0.  0.  1.  0.  0. -1.  0. -1.  0.  0.  0. -1.  1. -1.  1.
  -1.  0. -1. -1.  0.  1.  1. -1.  0. -1. -1.  1.  1.]
 [-1.  0.  1.  0.  0. -1.  0.  0. -1.  0. -1.  0.  0.  0.  1.  0. -1.  1.
   1.  0. -1. -1.  0.  1.  1.  1.  0. -1.  0.  1. -1.]
 [-1.  0. -1.  0.  0.  0. -1.  1.  1.  1.  0.  1.  0.  0.  0.  0. -1. -1.
   0.  1.  0. -1.  0.  0.  0. -1.  1.  0.  1.  1.  0.]]
2018-03-15 09:59:31,023 2.remove reverse matrix:
[[ 1.  1.  0. -1.  0.  0.  0.  0.  1.  1.  0. -1.  0.  0.  0.  0.  0.  1.
   0.  0.  0.  1.  0.  0. -1.  0. -1.  0. -1. -1.  0.]
 [-1.  0. -1.  0.  0.  0. -1. -1.  1. -1.  0.  0. -1.  0.  0.  0. -1. -1.
   0.  0. -1.  0. -1.  0.  0.  0. -1. -1.  0.  0.  0.]
 [ 1. -1.  0.  0. -1.  0.  0.  0. -1.  0.  1.  0.  0. -1.  0.  0. -1.  0.
  -1.  0. -1.  1.  1.  0. -1. -1.  1.  1.  0.  0.  0.]
 [-1.  0. -1.  0.  0.  0.  1.  0. -1.  0. -1.  0.  0.  0. -1. -1. -1. -1.
   0.  1. -1. -1.  0.  0.  0. -1.  0.  0.  1.  0.  1.]
 [ 1.  1.  0.  1.  0.  0.  0.  0. -1.  0.  1.  0.  0.  1.  0.  0.  0. -1.
   0.  0. -1.  1. -1.  0.  1.  0.  1. -1.  1. -1. -1.]
 [ 1. -1.  0.  0.  1.  0.  0.  0.  1. -1.  0.  0.  1.  0.  0.  0. -1.  0.
   1.  0. -1.  0.  1.  0. -1.  1. -1.  1.  1.  1.  0.]
 [-1.  0.  1.  0.  0.  1.  0.  0. -1.  0. -1.  0.  0.  0. -1.  1. -1.  1.
  -1.  0. -1. -1.  0.  1.  1. -1.  0. -1. -1.  1.  1.]
 [-1.  0.  1.  0.  0. -1.  0.  0. -1.  0. -1.  0.  0.  0.  1.  0. -1.  1.
   1.  0. -1. -1.  0.  1.  1.  1.  0. -1.  0.  1. -1.]
 [-1.  0. -1.  0.  0.  0. -1.  1.  1.  1.  0.  1.  0.  0.  0.  0. -1. -1.
   0.  1.  0. -1.  0.  0.  0. -1.  1.  0.  1.  1.  0.]]
2018-03-15 09:59:31,032 3.remove duplicate matrix:
[[ 1.  1.  0. -1.  0.  0.  0.  0.  1.  1.  0. -1.  0.  0.  0.  0.  0.  1.
   0.  0.  0.  1.  0.  0. -1.  0. -1.  0. -1. -1.  0.]
 [-1.  0. -1.  0.  0.  0. -1. -1.  1. -1.  0.  0. -1.  0.  0.  0. -1. -1.
   0.  0. -1.  0. -1.  0.  0.  0. -1. -1.  0.  0.  0.]
 [ 1. -1.  0.  0. -1.  0.  0.  0. -1.  0.  1.  0.  0. -1.  0.  0. -1.  0.
  -1.  0. -1.  1.  1.  0. -1. -1.  1.  1.  0.  0.  0.]
 [-1.  0. -1.  0.  0.  0.  1.  0. -1.  0. -1.  0.  0.  0. -1. -1. -1. -1.
   0.  1. -1. -1.  0.  0.  0. -1.  0.  0.  1.  0.  1.]
 [ 1.  1.  0.  1.  0.  0.  0.  0. -1.  0.  1.  0.  0.  1.  0.  0.  0. -1.
   0.  0. -1.  1. -1.  0.  1.  0.  1. -1.  1. -1. -1.]
 [ 1. -1.  0.  0.  1.  0.  0.  0.  1. -1.  0.  0.  1.  0.  0.  0. -1.  0.
   1.  0. -1.  0.  1.  0. -1.  1. -1.  1.  1.  1.  0.]
 [-1.  0.  1.  0.  0.  1.  0.  0. -1.  0. -1.  0.  0.  0. -1.  1. -1.  1.
  -1.  0. -1. -1.  0.  1.  1. -1.  0. -1. -1.  1.  1.]
 [-1.  0.  1.  0.  0. -1.  0.  0. -1.  0. -1.  0.  0.  0.  1.  0. -1.  1.
   1.  0. -1. -1.  0.  1.  1.  1.  0. -1.  0.  1. -1.]
 [-1.  0. -1.  0.  0.  0. -1.  1.  1.  1.  0.  1.  0.  0.  0.  0. -1. -1.
   0.  1.  0. -1.  0.  0.  0. -1.  1.  0.  1.  1.  0.]]
2018-03-15 09:59:31,038 4.remove unfit matrix:
[[ 1.  1.  0. -1.  0.  0.  0.  0.  1.  1.  0. -1.  0.  0.  0.  0.  1.  0.
   1.  0. -1.  0. -1.  0. -1. -1.  0.]
 [-1.  0. -1.  0.  0.  0. -1. -1.  1. -1.  0.  0. -1.  0.  0.  0. -1.  0.
   0. -1.  0.  0. -1. -1.  0.  0.  0.]
 [ 1. -1.  0.  0. -1.  0.  0.  0. -1.  0.  1.  0.  0. -1.  0.  0.  0. -1.
   1.  1. -1. -1.  1.  1.  0.  0.  0.]
 [-1.  0. -1.  0.  0.  0.  1.  0. -1.  0. -1.  0.  0.  0. -1. -1. -1.  0.
  -1.  0.  0. -1.  0.  0.  1.  0.  1.]
 [ 1.  1.  0.  1.  0.  0.  0.  0. -1.  0.  1.  0.  0.  1.  0.  0. -1.  0.
   1. -1.  1.  0.  1. -1.  1. -1. -1.]
 [ 1. -1.  0.  0.  1.  0.  0.  0.  1. -1.  0.  0.  1.  0.  0.  0.  0.  1.
   0.  1. -1.  1. -1.  1.  1.  1.  0.]
 [-1.  0.  1.  0.  0.  1.  0.  0. -1.  0. -1.  0.  0.  0. -1.  1.  1. -1.
  -1.  0.  1. -1.  0. -1. -1.  1.  1.]
 [-1.  0.  1.  0.  0. -1.  0.  0. -1.  0. -1.  0.  0.  0.  1.  0.  1.  1.
  -1.  0.  1.  1.  0. -1.  0.  1. -1.]
 [-1.  0. -1.  0.  0.  0. -1.  1.  1.  1.  0.  1.  0.  0.  0.  0. -1.  0.
  -1.  0.  0. -1.  1.  0.  1.  1.  0.]]
2018-03-15 09:59:31,101 Self_Adaption_ECOC F1 F2 - Matrix:
[[ 1.  1.  0. -1.  0.  0.  0.  0.  1.  1.  0. -1.  0.  0.  0.  0.  1.  0.
   1.  0. -1.  0. -1.  0. -1. -1.  0.]
 [-1.  0. -1.  0.  0.  0. -1. -1.  1. -1.  0.  0. -1.  0.  0.  0. -1.  0.
   0. -1.  0.  0. -1. -1.  0.  0.  0.]
 [ 1. -1.  0.  0. -1.  0.  0.  0. -1.  0.  1.  0.  0. -1.  0.  0.  0. -1.
   1.  1. -1. -1.  1.  1.  0.  0.  0.]
 [-1.  0. -1.  0.  0.  0.  1.  0. -1.  0. -1.  0.  0.  0. -1. -1. -1.  0.
  -1.  0.  0. -1.  0.  0.  1.  0.  1.]
 [ 1.  1.  0.  1.  0.  0.  0.  0. -1.  0.  1.  0.  0.  1.  0.  0. -1.  0.
   1. -1.  1.  0.  1. -1.  1. -1. -1.]
 [ 1. -1.  0.  0.  1.  0.  0.  0.  1. -1.  0.  0.  1.  0.  0.  0.  0.  1.
   0.  1. -1.  1. -1.  1.  1.  1.  0.]
 [-1.  0.  1.  0.  0.  1.  0.  0. -1.  0. -1.  0.  0.  0. -1.  1.  1. -1.
  -1.  0.  1. -1.  0. -1. -1.  1.  1.]
 [-1.  0.  1.  0.  0. -1.  0.  0. -1.  0. -1.  0.  0.  0.  1.  0.  1.  1.
  -1.  0.  1.  1.  0. -1.  0.  1. -1.]
 [-1.  0. -1.  0.  0.  0. -1.  1.  1.  1.  0.  1.  0.  0.  0.  0. -1.  0.
  -1.  0.  0. -1.  1.  0.  1.  1.  0.]]
2018-03-15 09:59:31,644 classifier accuracy
[0.973, 0.952, 1.0, 0.933, 0.833, 1.0, 0.966, 0.964, 0.865, 0.936, 0.926, 0.967, 1.0, 0.5, 0.92, 1.0, 0.985, 0.967, 0.947, 0.947, 0.889, 0.851, 0.98, 0.953, 0.93, 0.95, 0.923]
2018-03-15 09:59:31,644 diversity
[-0.015, -0.019, 0.013, 0.0, 0.037, -0.038, 0.0, 0.02, -0.065, 0.006, -0.116, 0.02, 0.064, 0.0, 0.016, -0.05, 0.015, 0.062, -0.096, 0.05, 0.002, 0.028, 0.018, 0.002, -0.023, -0.012, -0.035]
2018-03-15 09:59:31,644 accuracy: 0.892000
2018-03-15 09:59:31,644 ********************    data:Cancers    ECOC:Self_Adaption_ECOC F1 F2 *    *****************
2018-03-15 09:59:35,792 class cplx:
{'PR': 5.9835645794362729e-132, 'LU_A': 5.0147778692907834e-07, 'CO': 3.2180856784677684e-21, 'BR': 1.8754402003346297e-37, 'KI': 3.5571834099235335e-92, 'LI': 28564589.60700028, 'LU_S': 3.8882514919224617e-34, 'GA': 5.3711659643066908e-25, 'OV': 3.1345953981394306e-06}
2018-03-15 09:59:35,792 var:80586249818896.031250 mean:3173843.289667
2018-03-15 09:59:35,792 botttom th:3173843.289667 top th:6347686.579334
2018-03-15 09:59:35,792 column num:2
2018-03-15 09:59:35,798 merged matrix:
[[ 1.  1.  0. -1.  0.  0.  0.  0.  1.  1.  0. -1.  0.  0.  0.  0.]
 [-1.  0. -1.  0.  0.  0. -1. -1.  1. -1.  0.  0. -1.  0.  0.  0.]
 [ 1. -1.  0.  0. -1.  0.  0.  0. -1.  0.  1.  0.  0. -1.  0.  0.]
 [-1.  0. -1.  0.  0.  0.  1.  0. -1.  0. -1.  0.  0.  0. -1. -1.]
 [ 1.  1.  0.  1.  0.  0.  0.  0. -1.  0.  1.  0.  0.  1.  0.  0.]
 [ 1. -1.  0.  0.  1.  0.  0.  0.  1. -1.  0.  0.  1.  0.  0.  0.]
 [-1.  0.  1.  0.  0.  1.  0.  0. -1.  0. -1.  0.  0.  0. -1.  1.]
 [-1.  0.  1.  0.  0. -1.  0.  0. -1.  0. -1.  0.  0.  0.  1.  0.]
 [-1.  0. -1.  0.  0.  0. -1.  1.  1.  1.  0.  1.  0.  0.  0.  0.]]
2018-03-15 09:59:35,813 1.create matrix:
[[ 1.  1.  0. -1.  0.  0.  0.  0.  1.  1.  0. -1.  0.  0.  0.  0.  1.  0.
   0.  0.  1.  0.  0.  0.  0.  0.  0.  0.  0.  0.  0.]
 [-1.  0. -1.  0.  0.  0. -1. -1.  1. -1.  0.  0. -1.  0.  0.  0.  0.  0.
   0.  1. -1.  0.  0.  0.  0.  0.  0.  0.  0.  0.  0.]
 [ 1. -1.  0.  0. -1.  0.  0.  0. -1.  0.  1.  0.  0. -1.  0.  0. -1.  0.
   0.  0.  0.  0.  0.  0.  0.  0.  0.  0.  0.  0.  0.]
 [-1.  0. -1.  0.  0.  0.  1.  0. -1.  0. -1.  0.  0.  0. -1. -1.  0.  0.
   0.  0.  0.  0.  0.  1.  0.  0.  0.  0.  0.  0.  0.]
 [ 1.  1.  0.  1.  0.  0.  0.  0. -1.  0.  1.  0.  0.  1.  0.  0.  1.  0.
   0.  0.  0.  0.  0.  0.  0.  0.  0.  0.  0.  0.  0.]
 [ 1. -1.  0.  0.  1.  0.  0.  0.  1. -1.  0.  0.  1.  0.  0.  0. -1.  0.
   0.  0. -1.  0.  0.  0.  0.  0.  0.  0.  0.  0.  0.]
 [-1.  0.  1.  0.  0.  1.  0.  0. -1.  0. -1.  0.  0.  0. -1.  1.  0.  0.
   0.  0.  0.  0.  0. -1.  0.  0.  0.  0.  0.  0.  0.]
 [-1.  0.  1.  0.  0. -1.  0.  0. -1.  0. -1.  0.  0.  0.  1.  0.  0.  0.
   0.  0.  0.  0.  0.  0.  0.  0.  0.  0.  0.  0.  0.]
 [-1.  0. -1.  0.  0.  0. -1.  1.  1.  1.  0.  1.  0.  0.  0.  0.  0.  0.
   0. -1.  1.  0.  0.  0.  0.  0.  0.  0.  0.  0.  0.]]
2018-03-15 09:59:35,836 2.remove reverse matrix:
[[ 1.  1.  0. -1.  0.  0.  0.  0.  1.  1.  0. -1.  0.  0.  0.  0.  1.  0.
   1.]
 [-1.  0. -1.  0.  0.  0. -1. -1.  1. -1.  0.  0. -1.  0.  0.  0.  0.  0.
  -1.]
 [ 1. -1.  0.  0. -1.  0.  0.  0. -1.  0.  1.  0.  0. -1.  0.  0. -1.  0.
   0.]
 [-1.  0. -1.  0.  0.  0.  1.  0. -1.  0. -1.  0.  0.  0. -1. -1.  0.  0.
   0.]
 [ 1.  1.  0.  1.  0.  0.  0.  0. -1.  0.  1.  0.  0.  1.  0.  0.  1.  0.
   0.]
 [ 1. -1.  0.  0.  1.  0.  0.  0.  1. -1.  0.  0.  1.  0.  0.  0. -1.  0.
  -1.]
 [-1.  0.  1.  0.  0.  1.  0.  0. -1.  0. -1.  0.  0.  0. -1.  1.  0.  0.
   0.]
 [-1.  0.  1.  0.  0. -1.  0.  0. -1.  0. -1.  0.  0.  0.  1.  0.  0.  0.
   0.]
 [-1.  0. -1.  0.  0.  0. -1.  1.  1.  1.  0.  1.  0.  0.  0.  0.  0.  0.
   1.]]
2018-03-15 09:59:35,845 3.remove duplicate matrix:
[[ 1.  1.  0. -1.  0.  0.  0.  0.  1.  1.  0. -1.  0.  0.  0.  0.  1.  0.
   1.]
 [-1.  0. -1.  0.  0.  0. -1. -1.  1. -1.  0.  0. -1.  0.  0.  0.  0.  0.
  -1.]
 [ 1. -1.  0.  0. -1.  0.  0.  0. -1.  0.  1.  0.  0. -1.  0.  0. -1.  0.
   0.]
 [-1.  0. -1.  0.  0.  0.  1.  0. -1.  0. -1.  0.  0.  0. -1. -1.  0.  0.
   0.]
 [ 1.  1.  0.  1.  0.  0.  0.  0. -1.  0.  1.  0.  0.  1.  0.  0.  1.  0.
   0.]
 [ 1. -1.  0.  0.  1.  0.  0.  0.  1. -1.  0.  0.  1.  0.  0.  0. -1.  0.
  -1.]
 [-1.  0.  1.  0.  0.  1.  0.  0. -1.  0. -1.  0.  0.  0. -1.  1.  0.  0.
   0.]
 [-1.  0.  1.  0.  0. -1.  0.  0. -1.  0. -1.  0.  0.  0.  1.  0.  0.  0.
   0.]
 [-1.  0. -1.  0.  0.  0. -1.  1.  1.  1.  0.  1.  0.  0.  0.  0.  0.  0.
   1.]]
2018-03-15 09:59:35,851 4.remove unfit matrix:
[[ 1.  1.  0. -1.  0.  0.  0.  0.  1.  1.  0. -1.  0.  0.  0.  0.  1.  1.]
 [-1.  0. -1.  0.  0.  0. -1. -1.  1. -1.  0.  0. -1.  0.  0.  0.  0. -1.]
 [ 1. -1.  0.  0. -1.  0.  0.  0. -1.  0.  1.  0.  0. -1.  0.  0. -1.  0.]
 [-1.  0. -1.  0.  0.  0.  1.  0. -1.  0. -1.  0.  0.  0. -1. -1.  0.  0.]
 [ 1.  1.  0.  1.  0.  0.  0.  0. -1.  0.  1.  0.  0.  1.  0.  0.  1.  0.]
 [ 1. -1.  0.  0.  1.  0.  0.  0.  1. -1.  0.  0.  1.  0.  0.  0. -1. -1.]
 [-1.  0.  1.  0.  0.  1.  0.  0. -1.  0. -1.  0.  0.  0. -1.  1.  0.  0.]
 [-1.  0.  1.  0.  0. -1.  0.  0. -1.  0. -1.  0.  0.  0.  1.  0.  0.  0.]
 [-1.  0. -1.  0.  0.  0. -1.  1.  1.  1.  0.  1.  0.  0.  0.  0.  0.  1.]]
2018-03-15 09:59:35,894 Self_Adaption_ECOC F1 F2 * Matrix:
[[ 1.  1.  0. -1.  0.  0.  0.  0.  1.  1.  0. -1.  0.  0.  0.  0.  1.  1.]
 [-1.  0. -1.  0.  0.  0. -1. -1.  1. -1.  0.  0. -1.  0.  0.  0.  0. -1.]
 [ 1. -1.  0.  0. -1.  0.  0.  0. -1.  0.  1.  0.  0. -1.  0.  0. -1.  0.]
 [-1.  0. -1.  0.  0.  0.  1.  0. -1.  0. -1.  0.  0.  0. -1. -1.  0.  0.]
 [ 1.  1.  0.  1.  0.  0.  0.  0. -1.  0.  1.  0.  0.  1.  0.  0.  1.  0.]
 [ 1. -1.  0.  0.  1.  0.  0.  0.  1. -1.  0.  0.  1.  0.  0.  0. -1. -1.]
 [-1.  0.  1.  0.  0.  1.  0.  0. -1.  0. -1.  0.  0.  0. -1.  1.  0.  0.]
 [-1.  0.  1.  0.  0. -1.  0.  0. -1.  0. -1.  0.  0.  0.  1.  0.  0.  0.]
 [-1.  0. -1.  0.  0.  0. -1.  1.  1.  1.  0.  1.  0.  0.  0.  0.  0.  1.]]
2018-03-15 09:59:36,209 classifier accuracy
[0.973, 0.952, 1.0, 0.933, 0.833, 1.0, 0.966, 0.964, 0.865, 0.936, 0.926, 0.967, 1.0, 0.5, 0.92, 1.0, 0.952, 0.936]
2018-03-15 09:59:36,209 diversity
[0.016, 0.076, -0.024, 0.0, -0.055, -0.063, 0.0, 0.028, -0.008, 0.118, -0.114, 0.028, 0.015, 0.0, -0.048, -0.041, 0.076, 0.118]
2018-03-15 09:59:36,209 accuracy: 0.905000
2018-03-15 09:59:36,210 ********************    data:Cancers    ECOC:Self_Adaption_ECOC F1 F2 /    *****************
2018-03-15 09:59:39,463 class cplx:
{'PR': 5.9835645794362729e-132, 'LU_A': 5.0147778692907834e-07, 'CO': 3.2180856784677684e-21, 'BR': 1.8754402003346297e-37, 'KI': 3.5571834099235335e-92, 'LI': 28564589.60700028, 'LU_S': 3.8882514919224617e-34, 'GA': 5.3711659643066908e-25, 'OV': 3.1345953981394306e-06}
2018-03-15 09:59:39,464 var:80586249818896.031250 mean:3173843.289667
2018-03-15 09:59:39,464 botttom th:3173843.289667 top th:6347686.579334
2018-03-15 09:59:39,464 column num:2
2018-03-15 09:59:39,467 merged matrix:
[[ 1.  1.  0. -1.  0.  0.  0.  0.  1.  1.  0. -1.  0.  0.  0.  0.]
 [-1.  0. -1.  0.  0.  0. -1. -1.  1. -1.  0.  0. -1.  0.  0.  0.]
 [ 1. -1.  0.  0. -1.  0.  0.  0. -1.  0.  1.  0.  0. -1.  0.  0.]
 [-1.  0. -1.  0.  0.  0.  1.  0. -1.  0. -1.  0.  0.  0. -1. -1.]
 [ 1.  1.  0.  1.  0.  0.  0.  0. -1.  0.  1.  0.  0.  1.  0.  0.]
 [ 1. -1.  0.  0.  1.  0.  0.  0.  1. -1.  0.  0.  1.  0.  0.  0.]
 [-1.  0.  1.  0.  0.  1.  0.  0. -1.  0. -1.  0.  0.  0. -1.  1.]
 [-1.  0.  1.  0.  0. -1.  0.  0. -1.  0. -1.  0.  0.  0.  1.  0.]
 [-1.  0. -1.  0.  0.  0. -1.  1.  1.  1.  0.  1.  0.  0.  0.  0.]]
2018-03-15 09:59:39,467 ERROR: The denominator of Ternary Divide is zero!
2018-03-15 09:59:39,469 ERROR: left -1, right 0, left and right node is wrong!
2018-03-15 09:59:39,469 ERROR: The denominator of Ternary Divide is zero!
2018-03-15 09:59:39,469 ERROR: left -1, right 0, left and right node is wrong!
2018-03-15 09:59:39,469 ERROR: The denominator of Ternary Divide is zero!
2018-03-15 09:59:39,469 ERROR: left -1, right 0, left and right node is wrong!
2018-03-15 09:59:39,469 ERROR: The denominator of Ternary Divide is zero!
2018-03-15 09:59:39,469 ERROR: left -1, right 0, left and right node is wrong!
2018-03-15 09:59:39,469 ERROR: The denominator of Ternary Divide is zero!
2018-03-15 09:59:39,469 ERROR: left -1, right 0, left and right node is wrong!
2018-03-15 09:59:39,470 ERROR: The denominator of Ternary Divide is zero!
2018-03-15 09:59:39,470 ERROR: left -1, right 0, left and right node is wrong!
2018-03-15 09:59:39,470 ERROR: The denominator of Ternary Divide is zero!
2018-03-15 09:59:39,470 ERROR: The denominator of Ternary Divide is zero!
2018-03-15 09:59:39,470 ERROR: left -1, right 0, left and right node is wrong!
2018-03-15 09:59:39,470 ERROR: The denominator of Ternary Divide is zero!
2018-03-15 09:59:39,470 ERROR: The denominator of Ternary Divide is zero!
2018-03-15 09:59:39,470 ERROR: left 1, right 0, left and right node is wrong!
2018-03-15 09:59:39,470 ERROR: The denominator of Ternary Divide is zero!
2018-03-15 09:59:39,470 ERROR: left 1, right 0, left and right node is wrong!
2018-03-15 09:59:39,470 ERROR: The denominator of Ternary Divide is zero!
2018-03-15 09:59:39,470 ERROR: left -1, right 0, left and right node is wrong!
2018-03-15 09:59:39,470 ERROR: The denominator of Ternary Divide is zero!
2018-03-15 09:59:39,470 ERROR: The denominator of Ternary Divide is zero!
2018-03-15 09:59:39,470 ERROR: The denominator of Ternary Divide is zero!
2018-03-15 09:59:39,470 ERROR: left -1, right 0, left and right node is wrong!
2018-03-15 09:59:39,471 ERROR: The denominator of Ternary Divide is zero!
2018-03-15 09:59:39,471 ERROR: The denominator of Ternary Divide is zero!
2018-03-15 09:59:39,471 ERROR: The denominator of Ternary Divide is zero!
2018-03-15 09:59:39,471 ERROR: left 1, right 0, left and right node is wrong!
2018-03-15 09:59:39,471 ERROR: The denominator of Ternary Divide is zero!
2018-03-15 09:59:39,471 ERROR: The denominator of Ternary Divide is zero!
2018-03-15 09:59:39,471 ERROR: The denominator of Ternary Divide is zero!
2018-03-15 09:59:39,473 ERROR: The denominator of Ternary Divide is zero!
2018-03-15 09:59:39,473 ERROR: left 1, right 0, left and right node is wrong!
2018-03-15 09:59:39,473 ERROR: The denominator of Ternary Divide is zero!
2018-03-15 09:59:39,473 ERROR: The denominator of Ternary Divide is zero!
2018-03-15 09:59:39,473 ERROR: The denominator of Ternary Divide is zero!
2018-03-15 09:59:39,473 ERROR: The denominator of Ternary Divide is zero!
2018-03-15 09:59:39,473 ERROR: The denominator of Ternary Divide is zero!
2018-03-15 09:59:39,473 ERROR: left -1, right 0, left and right node is wrong!
2018-03-15 09:59:39,473 ERROR: The denominator of Ternary Divide is zero!
2018-03-15 09:59:39,473 ERROR: left -1, right 0, left and right node is wrong!
2018-03-15 09:59:39,473 ERROR: The denominator of Ternary Divide is zero!
2018-03-15 09:59:39,473 ERROR: left -1, right 0, left and right node is wrong!
2018-03-15 09:59:39,473 ERROR: The denominator of Ternary Divide is zero!
2018-03-15 09:59:39,473 ERROR: left -1, right 0, left and right node is wrong!
2018-03-15 09:59:39,473 ERROR: The denominator of Ternary Divide is zero!
2018-03-15 09:59:39,473 ERROR: left -1, right 0, left and right node is wrong!
2018-03-15 09:59:39,473 ERROR: The denominator of Ternary Divide is zero!
2018-03-15 09:59:39,474 ERROR: The denominator of Ternary Divide is zero!
2018-03-15 09:59:39,474 ERROR: left 1, right 0, left and right node is wrong!
2018-03-15 09:59:39,474 ERROR: The denominator of Ternary Divide is zero!
2018-03-15 09:59:39,474 ERROR: left -1, right 0, left and right node is wrong!
2018-03-15 09:59:39,474 ERROR: The denominator of Ternary Divide is zero!
2018-03-15 09:59:39,474 ERROR: left 1, right 0, left and right node is wrong!
2018-03-15 09:59:39,474 ERROR: The denominator of Ternary Divide is zero!
2018-03-15 09:59:39,474 ERROR: The denominator of Ternary Divide is zero!
2018-03-15 09:59:39,474 ERROR: left -1, right 0, left and right node is wrong!
2018-03-15 09:59:39,474 ERROR: The denominator of Ternary Divide is zero!
2018-03-15 09:59:39,474 ERROR: left -1, right 0, left and right node is wrong!
2018-03-15 09:59:39,476 ERROR: The denominator of Ternary Divide is zero!
2018-03-15 09:59:39,476 ERROR: The denominator of Ternary Divide is zero!
2018-03-15 09:59:39,476 ERROR: left -1, right 0, left and right node is wrong!
2018-03-15 09:59:39,476 ERROR: The denominator of Ternary Divide is zero!
2018-03-15 09:59:39,476 ERROR: The denominator of Ternary Divide is zero!
2018-03-15 09:59:39,476 ERROR: left 1, right 0, left and right node is wrong!
2018-03-15 09:59:39,476 ERROR: The denominator of Ternary Divide is zero!
2018-03-15 09:59:39,476 ERROR: The denominator of Ternary Divide is zero!
2018-03-15 09:59:39,476 ERROR: The denominator of Ternary Divide is zero!
2018-03-15 09:59:39,476 ERROR: The denominator of Ternary Divide is zero!
2018-03-15 09:59:39,476 ERROR: The denominator of Ternary Divide is zero!
2018-03-15 09:59:39,476 ERROR: The denominator of Ternary Divide is zero!
2018-03-15 09:59:39,476 ERROR: The denominator of Ternary Divide is zero!
2018-03-15 09:59:39,476 ERROR: The denominator of Ternary Divide is zero!
2018-03-15 09:59:39,476 ERROR: The denominator of Ternary Divide is zero!
2018-03-15 09:59:39,476 ERROR: left 1, right 0, left and right node is wrong!
2018-03-15 09:59:39,476 ERROR: The denominator of Ternary Divide is zero!
2018-03-15 09:59:39,477 ERROR: The denominator of Ternary Divide is zero!
2018-03-15 09:59:39,477 ERROR: left 1, right 0, left and right node is wrong!
2018-03-15 09:59:39,477 ERROR: The denominator of Ternary Divide is zero!
2018-03-15 09:59:39,477 ERROR: The denominator of Ternary Divide is zero!
2018-03-15 09:59:39,477 ERROR: left -1, right 0, left and right node is wrong!
2018-03-15 09:59:39,477 ERROR: The denominator of Ternary Divide is zero!
2018-03-15 09:59:39,477 ERROR: The denominator of Ternary Divide is zero!
2018-03-15 09:59:39,477 ERROR: left 1, right 0, left and right node is wrong!
2018-03-15 09:59:39,477 ERROR: The denominator of Ternary Divide is zero!
2018-03-15 09:59:39,477 ERROR: left -1, right 0, left and right node is wrong!
2018-03-15 09:59:39,479 ERROR: The denominator of Ternary Divide is zero!
2018-03-15 09:59:39,479 ERROR: The denominator of Ternary Divide is zero!
2018-03-15 09:59:39,479 ERROR: The denominator of Ternary Divide is zero!
2018-03-15 09:59:39,479 ERROR: The denominator of Ternary Divide is zero!
2018-03-15 09:59:39,479 ERROR: The denominator of Ternary Divide is zero!
2018-03-15 09:59:39,479 ERROR: The denominator of Ternary Divide is zero!
2018-03-15 09:59:39,479 ERROR: The denominator of Ternary Divide is zero!
2018-03-15 09:59:39,479 ERROR: The denominator of Ternary Divide is zero!
2018-03-15 09:59:39,479 ERROR: The denominator of Ternary Divide is zero!
2018-03-15 09:59:39,480 ERROR: The denominator of Ternary Divide is zero!
2018-03-15 09:59:39,480 ERROR: The denominator of Ternary Divide is zero!
2018-03-15 09:59:39,480 ERROR: left 1, right 0, left and right node is wrong!
2018-03-15 09:59:39,480 ERROR: The denominator of Ternary Divide is zero!
2018-03-15 09:59:39,480 ERROR: left -1, right 0, left and right node is wrong!
2018-03-15 09:59:39,480 ERROR: The denominator of Ternary Divide is zero!
2018-03-15 09:59:39,480 ERROR: The denominator of Ternary Divide is zero!
2018-03-15 09:59:39,480 ERROR: The denominator of Ternary Divide is zero!
2018-03-15 09:59:39,480 ERROR: The denominator of Ternary Divide is zero!
2018-03-15 09:59:39,480 ERROR: left -1, right 0, left and right node is wrong!
2018-03-15 09:59:39,480 ERROR: The denominator of Ternary Divide is zero!
2018-03-15 09:59:39,480 ERROR: The denominator of Ternary Divide is zero!
2018-03-15 09:59:39,480 ERROR: The denominator of Ternary Divide is zero!
2018-03-15 09:59:39,480 ERROR: left 1, right 0, left and right node is wrong!
2018-03-15 09:59:39,480 ERROR: The denominator of Ternary Divide is zero!
2018-03-15 09:59:39,480 ERROR: The denominator of Ternary Divide is zero!
2018-03-15 09:59:39,480 ERROR: The denominator of Ternary Divide is zero!
2018-03-15 09:59:39,480 ERROR: The denominator of Ternary Divide is zero!
2018-03-15 09:59:39,482 ERROR: The denominator of Ternary Divide is zero!
2018-03-15 09:59:39,482 ERROR: The denominator of Ternary Divide is zero!
2018-03-15 09:59:39,482 ERROR: The denominator of Ternary Divide is zero!
2018-03-15 09:59:39,482 ERROR: The denominator of Ternary Divide is zero!
2018-03-15 09:59:39,482 ERROR: The denominator of Ternary Divide is zero!
2018-03-15 09:59:39,482 ERROR: The denominator of Ternary Divide is zero!
2018-03-15 09:59:39,482 ERROR: The denominator of Ternary Divide is zero!
2018-03-15 09:59:39,482 ERROR: The denominator of Ternary Divide is zero!
2018-03-15 09:59:39,483 ERROR: The denominator of Ternary Divide is zero!
2018-03-15 09:59:39,483 ERROR: The denominator of Ternary Divide is zero!
2018-03-15 09:59:39,483 ERROR: The denominator of Ternary Divide is zero!
2018-03-15 09:59:39,483 ERROR: The denominator of Ternary Divide is zero!
2018-03-15 09:59:39,483 ERROR: The denominator of Ternary Divide is zero!
2018-03-15 09:59:39,483 ERROR: The denominator of Ternary Divide is zero!
2018-03-15 09:59:39,483 ERROR: The denominator of Ternary Divide is zero!
2018-03-15 09:59:39,483 ERROR: The denominator of Ternary Divide is zero!
2018-03-15 09:59:39,483 ERROR: The denominator of Ternary Divide is zero!
2018-03-15 09:59:39,483 ERROR: The denominator of Ternary Divide is zero!
2018-03-15 09:59:39,483 ERROR: The denominator of Ternary Divide is zero!
2018-03-15 09:59:39,483 ERROR: The denominator of Ternary Divide is zero!
2018-03-15 09:59:39,483 ERROR: The denominator of Ternary Divide is zero!
2018-03-15 09:59:39,483 ERROR: The denominator of Ternary Divide is zero!
2018-03-15 09:59:39,483 ERROR: The denominator of Ternary Divide is zero!
2018-03-15 09:59:39,483 ERROR: The denominator of Ternary Divide is zero!
2018-03-15 09:59:39,483 ERROR: The denominator of Ternary Divide is zero!
2018-03-15 09:59:39,483 ERROR: The denominator of Ternary Divide is zero!
2018-03-15 09:59:39,484 ERROR: The denominator of Ternary Divide is zero!
2018-03-15 09:59:39,484 ERROR: The denominator of Ternary Divide is zero!
2018-03-15 09:59:39,484 ERROR: The denominator of Ternary Divide is zero!
2018-03-15 09:59:39,484 ERROR: The denominator of Ternary Divide is zero!
2018-03-15 09:59:39,490 1.create matrix:
[[ 1.  1.  0. -1.  0.  0.  0.  0.  1.  1.  0. -1.  0.  0.  0.  0.  1.  0.
   0.  0.  1.  0.  0.  0.  0.  0.  0.  0.  0.  0.  0.]
 [-1.  0. -1.  0.  0.  0. -1. -1.  1. -1.  0.  0. -1.  0.  0.  0.  0.  0.
   0.  1. -1.  0.  0.  0.  0.  0.  0.  0.  0.  0.  0.]
 [ 1. -1.  0.  0. -1.  0.  0.  0. -1.  0.  1.  0.  0. -1.  0.  0. -1.  0.
   0.  0.  0.  0.  0.  0.  0.  0.  0.  0.  0.  0.  0.]
 [-1.  0. -1.  0.  0.  0.  1.  0. -1.  0. -1.  0.  0.  0. -1. -1.  0.  0.
   0.  0.  0.  0.  0.  1.  0.  0.  0.  0.  0.  0.  0.]
 [ 1.  1.  0.  1.  0.  0.  0.  0. -1.  0.  1.  0.  0.  1.  0.  0.  1.  0.
   0.  0.  0.  0.  0.  0.  0.  0.  0.  0.  0.  0.  0.]
 [ 1. -1.  0.  0.  1.  0.  0.  0.  1. -1.  0.  0.  1.  0.  0.  0. -1.  0.
   0.  0. -1.  0.  0.  0.  0.  0.  0.  0.  0.  0.  0.]
 [-1.  0.  1.  0.  0.  1.  0.  0. -1.  0. -1.  0.  0.  0. -1.  1.  0.  0.
   0.  0.  0.  0.  0. -1.  0.  0.  0.  0.  0.  0.  0.]
 [-1.  0.  1.  0.  0. -1.  0.  0. -1.  0. -1.  0.  0.  0.  1.  0.  0.  0.
   0.  0.  0.  0.  0.  0.  0.  0.  0.  0.  0.  0.  0.]
 [-1.  0. -1.  0.  0.  0. -1.  1.  1.  1.  0.  1.  0.  0.  0.  0.  0.  0.
   0. -1.  1.  0.  0.  0.  0.  0.  0.  0.  0.  0.  0.]]
2018-03-15 09:59:39,503 2.remove reverse matrix:
[[ 1.  1.  0. -1.  0.  0.  0.  0.  1.  1.  0. -1.  0.  0.  0.  0.  1.  0.
   1.]
 [-1.  0. -1.  0.  0.  0. -1. -1.  1. -1.  0.  0. -1.  0.  0.  0.  0.  0.
  -1.]
 [ 1. -1.  0.  0. -1.  0.  0.  0. -1.  0.  1.  0.  0. -1.  0.  0. -1.  0.
   0.]
 [-1.  0. -1.  0.  0.  0.  1.  0. -1.  0. -1.  0.  0.  0. -1. -1.  0.  0.
   0.]
 [ 1.  1.  0.  1.  0.  0.  0.  0. -1.  0.  1.  0.  0.  1.  0.  0.  1.  0.
   0.]
 [ 1. -1.  0.  0.  1.  0.  0.  0.  1. -1.  0.  0.  1.  0.  0.  0. -1.  0.
  -1.]
 [-1.  0.  1.  0.  0.  1.  0.  0. -1.  0. -1.  0.  0.  0. -1.  1.  0.  0.
   0.]
 [-1.  0.  1.  0.  0. -1.  0.  0. -1.  0. -1.  0.  0.  0.  1.  0.  0.  0.
   0.]
 [-1.  0. -1.  0.  0.  0. -1.  1.  1.  1.  0.  1.  0.  0.  0.  0.  0.  0.
   1.]]
2018-03-15 09:59:39,509 3.remove duplicate matrix:
[[ 1.  1.  0. -1.  0.  0.  0.  0.  1.  1.  0. -1.  0.  0.  0.  0.  1.  0.
   1.]
 [-1.  0. -1.  0.  0.  0. -1. -1.  1. -1.  0.  0. -1.  0.  0.  0.  0.  0.
  -1.]
 [ 1. -1.  0.  0. -1.  0.  0.  0. -1.  0.  1.  0.  0. -1.  0.  0. -1.  0.
   0.]
 [-1.  0. -1.  0.  0.  0.  1.  0. -1.  0. -1.  0.  0.  0. -1. -1.  0.  0.
   0.]
 [ 1.  1.  0.  1.  0.  0.  0.  0. -1.  0.  1.  0.  0.  1.  0.  0.  1.  0.
   0.]
 [ 1. -1.  0.  0.  1.  0.  0.  0.  1. -1.  0.  0.  1.  0.  0.  0. -1.  0.
  -1.]
 [-1.  0.  1.  0.  0.  1.  0.  0. -1.  0. -1.  0.  0.  0. -1.  1.  0.  0.
   0.]
 [-1.  0.  1.  0.  0. -1.  0.  0. -1.  0. -1.  0.  0.  0.  1.  0.  0.  0.
   0.]
 [-1.  0. -1.  0.  0.  0. -1.  1.  1.  1.  0.  1.  0.  0.  0.  0.  0.  0.
   1.]]
2018-03-15 09:59:39,515 4.remove unfit matrix:
[[ 1.  1.  0. -1.  0.  0.  0.  0.  1.  1.  0. -1.  0.  0.  0.  0.  1.  1.]
 [-1.  0. -1.  0.  0.  0. -1. -1.  1. -1.  0.  0. -1.  0.  0.  0.  0. -1.]
 [ 1. -1.  0.  0. -1.  0.  0.  0. -1.  0.  1.  0.  0. -1.  0.  0. -1.  0.]
 [-1.  0. -1.  0.  0.  0.  1.  0. -1.  0. -1.  0.  0.  0. -1. -1.  0.  0.]
 [ 1.  1.  0.  1.  0.  0.  0.  0. -1.  0.  1.  0.  0.  1.  0.  0.  1.  0.]
 [ 1. -1.  0.  0.  1.  0.  0.  0.  1. -1.  0.  0.  1.  0.  0.  0. -1. -1.]
 [-1.  0.  1.  0.  0.  1.  0.  0. -1.  0. -1.  0.  0.  0. -1.  1.  0.  0.]
 [-1.  0.  1.  0.  0. -1.  0.  0. -1.  0. -1.  0.  0.  0.  1.  0.  0.  0.]
 [-1.  0. -1.  0.  0.  0. -1.  1.  1.  1.  0.  1.  0.  0.  0.  0.  0.  1.]]
2018-03-15 09:59:39,559 Self_Adaption_ECOC F1 F2 / Matrix:
[[ 1.  1.  0. -1.  0.  0.  0.  0.  1.  1.  0. -1.  0.  0.  0.  0.  1.  1.]
 [-1.  0. -1.  0.  0.  0. -1. -1.  1. -1.  0.  0. -1.  0.  0.  0.  0. -1.]
 [ 1. -1.  0.  0. -1.  0.  0.  0. -1.  0.  1.  0.  0. -1.  0.  0. -1.  0.]
 [-1.  0. -1.  0.  0.  0.  1.  0. -1.  0. -1.  0.  0.  0. -1. -1.  0.  0.]
 [ 1.  1.  0.  1.  0.  0.  0.  0. -1.  0.  1.  0.  0.  1.  0.  0.  1.  0.]
 [ 1. -1.  0.  0.  1.  0.  0.  0.  1. -1.  0.  0.  1.  0.  0.  0. -1. -1.]
 [-1.  0.  1.  0.  0.  1.  0.  0. -1.  0. -1.  0.  0.  0. -1.  1.  0.  0.]
 [-1.  0.  1.  0.  0. -1.  0.  0. -1.  0. -1.  0.  0.  0.  1.  0.  0.  0.]
 [-1.  0. -1.  0.  0.  0. -1.  1.  1.  1.  0.  1.  0.  0.  0.  0.  0.  1.]]
2018-03-15 09:59:39,857 classifier accuracy
[0.973, 0.952, 1.0, 0.933, 0.833, 1.0, 0.966, 0.964, 0.865, 0.936, 0.926, 0.967, 1.0, 0.5, 0.92, 1.0, 0.952, 0.936]
2018-03-15 09:59:39,857 diversity
[0.016, 0.076, -0.024, 0.0, -0.055, -0.063, 0.0, 0.028, -0.008, 0.118, -0.114, 0.028, 0.015, 0.0, -0.048, -0.041, 0.076, 0.118]
2018-03-15 09:59:39,858 accuracy: 0.905000
2018-03-15 09:59:39,858 ********************    data:Cancers    ECOC:Self_Adaption_ECOC F1 F2 and    *****************
2018-03-15 09:59:43,141 class cplx:
{'PR': 5.9835645794362729e-132, 'LU_A': 5.0147778692907834e-07, 'CO': 3.2180856784677684e-21, 'BR': 1.8754402003346297e-37, 'KI': 3.5571834099235335e-92, 'LI': 28564589.60700028, 'LU_S': 3.8882514919224617e-34, 'GA': 5.3711659643066908e-25, 'OV': 3.1345953981394306e-06}
2018-03-15 09:59:43,141 var:80586249818896.031250 mean:3173843.289667
2018-03-15 09:59:43,141 botttom th:3173843.289667 top th:6347686.579334
2018-03-15 09:59:43,142 column num:2
2018-03-15 09:59:43,145 merged matrix:
[[ 1.  1.  0. -1.  0.  0.  0.  0.  1.  1.  0. -1.  0.  0.  0.  0.]
 [-1.  0. -1.  0.  0.  0. -1. -1.  1. -1.  0.  0. -1.  0.  0.  0.]
 [ 1. -1.  0.  0. -1.  0.  0.  0. -1.  0.  1.  0.  0. -1.  0.  0.]
 [-1.  0. -1.  0.  0.  0.  1.  0. -1.  0. -1.  0.  0.  0. -1. -1.]
 [ 1.  1.  0.  1.  0.  0.  0.  0. -1.  0.  1.  0.  0.  1.  0.  0.]
 [ 1. -1.  0.  0.  1.  0.  0.  0.  1. -1.  0.  0.  1.  0.  0.  0.]
 [-1.  0.  1.  0.  0.  1.  0.  0. -1.  0. -1.  0.  0.  0. -1.  1.]
 [-1.  0.  1.  0.  0. -1.  0.  0. -1.  0. -1.  0.  0.  0.  1.  0.]
 [-1.  0. -1.  0.  0.  0. -1.  1.  1.  1.  0.  1.  0.  0.  0.  0.]]
2018-03-15 09:59:43,155 1.create matrix:
[[ 1.  1.  0. -1.  0.  0.  0.  0.  1.  1.  0. -1.  0.  0.  0.  0.  1. -1.
   0.  0.  1. -1.  0.  0. -1.  0. -1.  0. -1. -1. -1.]
 [-1.  0. -1.  0.  0.  0. -1. -1.  1. -1.  0.  0. -1.  0.  0.  0. -1. -1.
   0. -1. -1.  0. -1.  0. -1. -1. -1. -1. -1. -1. -1.]
 [ 1. -1.  0.  0. -1.  0.  0.  0. -1.  0.  1.  0.  0. -1.  0.  0. -1.  0.
  -1.  0. -1.  0. -1.  0. -1. -1. -1. -1. -1. -1. -1.]
 [-1.  0. -1.  0.  0.  0.  1.  0. -1.  0. -1.  0.  0.  0. -1. -1. -1. -1.
   0.  0. -1. -1.  0. -1. -1.  0. -1. -1. -1. -1. -1.]
 [ 1.  1.  0.  1.  0.  0.  0.  0. -1.  0.  1.  0.  0.  1.  0.  0.  1.  0.
   0.  0. -1.  0.  0.  0.  0.  0. -1.  0.  0. -1. -1.]
 [ 1. -1.  0.  0.  1.  0.  0.  0.  1. -1.  0.  0.  1.  0.  0.  0. -1.  0.
   0.  0. -1.  0.  0.  0. -1.  0. -1.  0. -1. -1. -1.]
 [-1.  0.  1.  0.  0.  1.  0.  0. -1.  0. -1.  0.  0.  0. -1.  1. -1.  0.
   0.  0. -1. -1.  0. -1. -1.  0. -1. -1. -1. -1. -1.]
 [-1.  0.  1.  0.  0. -1.  0.  0. -1.  0. -1.  0.  0.  0.  1.  0. -1.  0.
  -1.  0. -1. -1.  0.  0. -1. -1. -1.  0. -1. -1. -1.]
 [-1.  0. -1.  0.  0.  0. -1.  1.  1.  1.  0.  1.  0.  0.  0.  0. -1. -1.
   0. -1.  1.  0.  0.  0. -1. -1.  0.  0. -1.  0. -1.]]
2018-03-15 09:59:43,170 2.remove reverse matrix:
[[ 1.  1.  0. -1.  0.  0.  0.  0.  1.  1.  0. -1.  0.  0.  0.  0.  1. -1.
   0.  0.  1. -1.  0.  0. -1.  0. -1.  0. -1. -1. -1.]
 [-1.  0. -1.  0.  0.  0. -1. -1.  1. -1.  0.  0. -1.  0.  0.  0. -1. -1.
   0. -1. -1.  0. -1.  0. -1. -1. -1. -1. -1. -1. -1.]
 [ 1. -1.  0.  0. -1.  0.  0.  0. -1.  0.  1.  0.  0. -1.  0.  0. -1.  0.
  -1.  0. -1.  0. -1.  0. -1. -1. -1. -1. -1. -1. -1.]
 [-1.  0. -1.  0.  0.  0.  1.  0. -1.  0. -1.  0.  0.  0. -1. -1. -1. -1.
   0.  0. -1. -1.  0. -1. -1.  0. -1. -1. -1. -1. -1.]
 [ 1.  1.  0.  1.  0.  0.  0.  0. -1.  0.  1.  0.  0.  1.  0.  0.  1.  0.
   0.  0. -1.  0.  0.  0.  0.  0. -1.  0.  0. -1. -1.]
 [ 1. -1.  0.  0.  1.  0.  0.  0.  1. -1.  0.  0.  1.  0.  0.  0. -1.  0.
   0.  0. -1.  0.  0.  0. -1.  0. -1.  0. -1. -1. -1.]
 [-1.  0.  1.  0.  0.  1.  0.  0. -1.  0. -1.  0.  0.  0. -1.  1. -1.  0.
   0.  0. -1. -1.  0. -1. -1.  0. -1. -1. -1. -1. -1.]
 [-1.  0.  1.  0.  0. -1.  0.  0. -1.  0. -1.  0.  0.  0.  1.  0. -1.  0.
  -1.  0. -1. -1.  0.  0. -1. -1. -1.  0. -1. -1. -1.]
 [-1.  0. -1.  0.  0.  0. -1.  1.  1.  1.  0.  1.  0.  0.  0.  0. -1. -1.
   0. -1.  1.  0.  0.  0. -1. -1.  0.  0. -1.  0. -1.]]
2018-03-15 09:59:43,178 3.remove duplicate matrix:
[[ 1.  1.  0. -1.  0.  0.  0.  0.  1.  1.  0. -1.  0.  0.  0.  0.  1. -1.
   0.  0.  1. -1.  0.  0. -1.  0. -1.  0. -1. -1. -1.]
 [-1.  0. -1.  0.  0.  0. -1. -1.  1. -1.  0.  0. -1.  0.  0.  0. -1. -1.
   0. -1. -1.  0. -1.  0. -1. -1. -1. -1. -1. -1. -1.]
 [ 1. -1.  0.  0. -1.  0.  0.  0. -1.  0.  1.  0.  0. -1.  0.  0. -1.  0.
  -1.  0. -1.  0. -1.  0. -1. -1. -1. -1. -1. -1. -1.]
 [-1.  0. -1.  0.  0.  0.  1.  0. -1.  0. -1.  0.  0.  0. -1. -1. -1. -1.
   0.  0. -1. -1.  0. -1. -1.  0. -1. -1. -1. -1. -1.]
 [ 1.  1.  0.  1.  0.  0.  0.  0. -1.  0.  1.  0.  0.  1.  0.  0.  1.  0.
   0.  0. -1.  0.  0.  0.  0.  0. -1.  0.  0. -1. -1.]
 [ 1. -1.  0.  0.  1.  0.  0.  0.  1. -1.  0.  0.  1.  0.  0.  0. -1.  0.
   0.  0. -1.  0.  0.  0. -1.  0. -1.  0. -1. -1. -1.]
 [-1.  0.  1.  0.  0.  1.  0.  0. -1.  0. -1.  0.  0.  0. -1.  1. -1.  0.
   0.  0. -1. -1.  0. -1. -1.  0. -1. -1. -1. -1. -1.]
 [-1.  0.  1.  0.  0. -1.  0.  0. -1.  0. -1.  0.  0.  0.  1.  0. -1.  0.
  -1.  0. -1. -1.  0.  0. -1. -1. -1.  0. -1. -1. -1.]
 [-1.  0. -1.  0.  0.  0. -1.  1.  1.  1.  0.  1.  0.  0.  0.  0. -1. -1.
   0. -1.  1.  0.  0.  0. -1. -1.  0.  0. -1.  0. -1.]]
2018-03-15 09:59:43,184 4.remove unfit matrix:
[[ 1.  1.  0. -1.  0.  0.  0.  0.  1.  1.  0. -1.  0.  0.  0.  0.  1.  1.]
 [-1.  0. -1.  0.  0.  0. -1. -1.  1. -1.  0.  0. -1.  0.  0.  0. -1. -1.]
 [ 1. -1.  0.  0. -1.  0.  0.  0. -1.  0.  1.  0.  0. -1.  0.  0. -1. -1.]
 [-1.  0. -1.  0.  0.  0.  1.  0. -1.  0. -1.  0.  0.  0. -1. -1. -1. -1.]
 [ 1.  1.  0.  1.  0.  0.  0.  0. -1.  0.  1.  0.  0.  1.  0.  0.  1. -1.]
 [ 1. -1.  0.  0.  1.  0.  0.  0.  1. -1.  0.  0.  1.  0.  0.  0. -1. -1.]
 [-1.  0.  1.  0.  0.  1.  0.  0. -1.  0. -1.  0.  0.  0. -1.  1. -1. -1.]
 [-1.  0.  1.  0.  0. -1.  0.  0. -1.  0. -1.  0.  0.  0.  1.  0. -1. -1.]
 [-1.  0. -1.  0.  0.  0. -1.  1.  1.  1.  0.  1.  0.  0.  0.  0. -1.  1.]]
2018-03-15 09:59:43,226 Self_Adaption_ECOC F1 F2 and Matrix:
[[ 1.  1.  0. -1.  0.  0.  0.  0.  1.  1.  0. -1.  0.  0.  0.  0.  1.  1.]
 [-1.  0. -1.  0.  0.  0. -1. -1.  1. -1.  0.  0. -1.  0.  0.  0. -1. -1.]
 [ 1. -1.  0.  0. -1.  0.  0.  0. -1.  0.  1.  0.  0. -1.  0.  0. -1. -1.]
 [-1.  0. -1.  0.  0.  0.  1.  0. -1.  0. -1.  0.  0.  0. -1. -1. -1. -1.]
 [ 1.  1.  0.  1.  0.  0.  0.  0. -1.  0.  1.  0.  0.  1.  0.  0.  1. -1.]
 [ 1. -1.  0.  0.  1.  0.  0.  0.  1. -1.  0.  0.  1.  0.  0.  0. -1. -1.]
 [-1.  0.  1.  0.  0.  1.  0.  0. -1.  0. -1.  0.  0.  0. -1.  1. -1. -1.]
 [-1.  0.  1.  0.  0. -1.  0.  0. -1.  0. -1.  0.  0.  0.  1.  0. -1. -1.]
 [-1.  0. -1.  0.  0.  0. -1.  1.  1.  1.  0.  1.  0.  0.  0.  0. -1.  1.]]
2018-03-15 09:59:43,526 classifier accuracy
[0.973, 0.952, 1.0, 0.933, 0.833, 1.0, 0.966, 0.964, 0.865, 0.936, 0.926, 0.967, 1.0, 0.5, 0.92, 1.0, 0.905, 0.878]
2018-03-15 09:59:43,526 diversity
[0.013, 0.022, -0.046, 0.0, -0.03, -0.068, 0.0, 0.05, 0.015, 0.096, -0.111, 0.05, 0.017, 0.0, -0.075, -0.05, 0.044, 0.098]
2018-03-15 09:59:43,526 accuracy: 0.851000
2018-03-15 09:59:43,526 ********************    data:Cancers    ECOC:Self_Adaption_ECOC F1 F2 or    *****************
2018-03-15 09:59:46,848 class cplx:
{'PR': 5.9835645794362729e-132, 'LU_A': 5.0147778692907834e-07, 'CO': 3.2180856784677684e-21, 'BR': 1.8754402003346297e-37, 'KI': 3.5571834099235335e-92, 'LI': 28564589.60700028, 'LU_S': 3.8882514919224617e-34, 'GA': 5.3711659643066908e-25, 'OV': 3.1345953981394306e-06}
2018-03-15 09:59:46,848 var:80586249818896.031250 mean:3173843.289667
2018-03-15 09:59:46,849 botttom th:3173843.289667 top th:6347686.579334
2018-03-15 09:59:46,849 column num:2
2018-03-15 09:59:46,855 merged matrix:
[[ 1.  1.  0. -1.  0.  0.  0.  0.  1.  1.  0. -1.  0.  0.  0.  0.]
 [-1.  0. -1.  0.  0.  0. -1. -1.  1. -1.  0.  0. -1.  0.  0.  0.]
 [ 1. -1.  0.  0. -1.  0.  0.  0. -1.  0.  1.  0.  0. -1.  0.  0.]
 [-1.  0. -1.  0.  0.  0.  1.  0. -1.  0. -1.  0.  0.  0. -1. -1.]
 [ 1.  1.  0.  1.  0.  0.  0.  0. -1.  0.  1.  0.  0.  1.  0.  0.]
 [ 1. -1.  0.  0.  1.  0.  0.  0.  1. -1.  0.  0.  1.  0.  0.  0.]
 [-1.  0.  1.  0.  0.  1.  0.  0. -1.  0. -1.  0.  0.  0. -1.  1.]
 [-1.  0.  1.  0.  0. -1.  0.  0. -1.  0. -1.  0.  0.  0.  1.  0.]
 [-1.  0. -1.  0.  0.  0. -1.  1.  1.  1.  0.  1.  0.  0.  0.  0.]]
2018-03-15 09:59:46,867 1.create matrix:[[ 1.  1.  0. -1.  0.  0.  0.  0.  1.  1.  0. -1.  0.  0.  0.  0.  1.  0.
   0.  0.  1.  0.  0.  0.  1.  0.  1.  0.  1.  1.  1.]
 [-1.  0. -1.  0.  0.  0. -1. -1.  1. -1.  0.  0. -1.  0.  0.  0.  0.  0.
   0. -1.  1.  0.  0.  0.  0.  0.  1.  0.  0.  1.  1.]
 [ 1. -1.  0.  0. -1.  0.  0.  0. -1.  0.  1.  0.  0. -1.  0.  0.  1.  0.
   0.  0.  0.  1.  0.  0.  1.  0.  1.  0.  1.  1.  1.]
 [-1.  0. -1.  0.  0.  0.  1.  0. -1.  0. -1.  0.  0.  0. -1. -1.  0.  0.
   0.  1.  0.  0.  0. -1.  0.  1.  0.  0.  1.  0.  1.]
 [ 1.  1.  0.  1.  0.  0.  0.  0. -1.  0.  1.  0.  0.  1.  0.  0.  1.  1.
   0.  0.  0.  1.  1.  0.  1.  0.  1.  1.  1.  1.  1.]
 [ 1. -1.  0.  0.  1.  0.  0.  0.  1. -1.  0.  0.  1.  0.  0.  0.  1.  0.
   1.  0.  1.  0.  1.  0.  1.  1.  1.  1.  1.  1.  1.]
 [-1.  0.  1.  0.  0.  1.  0.  0. -1.  0. -1.  0.  0.  0. -1.  1.  0.  1.
   1.  0.  0.  0.  0.  1.  1.  1.  0.  1.  1.  1.  1.]
 [-1.  0.  1.  0.  0. -1.  0.  0. -1.  0. -1.  0.  0.  0.  1.  0.  0.  1.
   0.  0.  0.  0.  0.  1.  1.  0.  0.  1.  1.  1.  1.]
 [-1.  0. -1.  0.  0.  0. -1.  1.  1.  1.  0.  1.  0.  0.  0.  0.  0.  0.
   0.  1.  1.  1.  0.  0.  0.  1.  1.  0.  1.  1.  1.]]
2018-03-15 09:59:46,881 2.remove reverse matrix:[[ 1.  1.  0. -1.  0.  0.  0.  0.  1.  1.  0. -1.  0.  0.  0.  0.  1.  0.
   0.  0.  1.  0.  0.  0.  1.  0.  1.  0.  1.  1.  1.]
 [-1.  0. -1.  0.  0.  0. -1. -1.  1. -1.  0.  0. -1.  0.  0.  0.  0.  0.
   0. -1.  1.  0.  0.  0.  0.  0.  1.  0.  0.  1.  1.]
 [ 1. -1.  0.  0. -1.  0.  0.  0. -1.  0.  1.  0.  0. -1.  0.  0.  1.  0.
   0.  0.  0.  1.  0.  0.  1.  0.  1.  0.  1.  1.  1.]
 [-1.  0. -1.  0.  0.  0.  1.  0. -1.  0. -1.  0.  0.  0. -1. -1.  0.  0.
   0.  1.  0.  0.  0. -1.  0.  1.  0.  0.  1.  0.  1.]
 [ 1.  1.  0.  1.  0.  0.  0.  0. -1.  0.  1.  0.  0.  1.  0.  0.  1.  1.
   0.  0.  0.  1.  1.  0.  1.  0.  1.  1.  1.  1.  1.]
 [ 1. -1.  0.  0.  1.  0.  0.  0.  1. -1.  0.  0.  1.  0.  0.  0.  1.  0.
   1.  0.  1.  0.  1.  0.  1.  1.  1.  1.  1.  1.  1.]
 [-1.  0.  1.  0.  0.  1.  0.  0. -1.  0. -1.  0.  0.  0. -1.  1.  0.  1.
   1.  0.  0.  0.  0.  1.  1.  1.  0.  1.  1.  1.  1.]
 [-1.  0.  1.  0.  0. -1.  0.  0. -1.  0. -1.  0.  0.  0.  1.  0.  0.  1.
   0.  0.  0.  0.  0.  1.  1.  0.  0.  1.  1.  1.  1.]
 [-1.  0. -1.  0.  0.  0. -1.  1.  1.  1.  0.  1.  0.  0.  0.  0.  0.  0.
   0.  1.  1.  1.  0.  0.  0.  1.  1.  0.  1.  1.  1.]]
2018-03-15 09:59:46,888 3.remove duplicate matrix:[[ 1.  1.  0. -1.  0.  0.  0.  0.  1.  1.  0. -1.  0.  0.  0.  0.  1.  0.
   0.  0.  1.  0.  0.  0.  1.  0.  1.  0.  1.  1.  1.]
 [-1.  0. -1.  0.  0.  0. -1. -1.  1. -1.  0.  0. -1.  0.  0.  0.  0.  0.
   0. -1.  1.  0.  0.  0.  0.  0.  1.  0.  0.  1.  1.]
 [ 1. -1.  0.  0. -1.  0.  0.  0. -1.  0.  1.  0.  0. -1.  0.  0.  1.  0.
   0.  0.  0.  1.  0.  0.  1.  0.  1.  0.  1.  1.  1.]
 [-1.  0. -1.  0.  0.  0.  1.  0. -1.  0. -1.  0.  0.  0. -1. -1.  0.  0.
   0.  1.  0.  0.  0. -1.  0.  1.  0.  0.  1.  0.  1.]
 [ 1.  1.  0.  1.  0.  0.  0.  0. -1.  0.  1.  0.  0.  1.  0.  0.  1.  1.
   0.  0.  0.  1.  1.  0.  1.  0.  1.  1.  1.  1.  1.]
 [ 1. -1.  0.  0.  1.  0.  0.  0.  1. -1.  0.  0.  1.  0.  0.  0.  1.  0.
   1.  0.  1.  0.  1.  0.  1.  1.  1.  1.  1.  1.  1.]
 [-1.  0.  1.  0.  0.  1.  0.  0. -1.  0. -1.  0.  0.  0. -1.  1.  0.  1.
   1.  0.  0.  0.  0.  1.  1.  1.  0.  1.  1.  1.  1.]
 [-1.  0.  1.  0.  0. -1.  0.  0. -1.  0. -1.  0.  0.  0.  1.  0.  0.  1.
   0.  0.  0.  0.  0.  1.  1.  0.  0.  1.  1.  1.  1.]
 [-1.  0. -1.  0.  0.  0. -1.  1.  1.  1.  0.  1.  0.  0.  0.  0.  0.  0.
   0.  1.  1.  1.  0.  0.  0.  1.  1.  0.  1.  1.  1.]]
2018-03-15 09:59:46,894 4.remove unfit matrix:[[ 1.  1.  0. -1.  0.  0.  0.  0.  1.  1.  0. -1.  0.  0.  0.  0.  0.  0.]
 [-1.  0. -1.  0.  0.  0. -1. -1.  1. -1.  0.  0. -1.  0.  0.  0. -1.  0.]
 [ 1. -1.  0.  0. -1.  0.  0.  0. -1.  0.  1.  0.  0. -1.  0.  0.  0.  0.]
 [-1.  0. -1.  0.  0.  0.  1.  0. -1.  0. -1.  0.  0.  0. -1. -1.  1. -1.]
 [ 1.  1.  0.  1.  0.  0.  0.  0. -1.  0.  1.  0.  0.  1.  0.  0.  0.  0.]
 [ 1. -1.  0.  0.  1.  0.  0.  0.  1. -1.  0.  0.  1.  0.  0.  0.  0.  0.]
 [-1.  0.  1.  0.  0.  1.  0.  0. -1.  0. -1.  0.  0.  0. -1.  1.  0.  1.]
 [-1.  0.  1.  0.  0. -1.  0.  0. -1.  0. -1.  0.  0.  0.  1.  0.  0.  1.]
 [-1.  0. -1.  0.  0.  0. -1.  1.  1.  1.  0.  1.  0.  0.  0.  0.  1.  0.]]
2018-03-15 09:59:46,927 Self_Adaption_ECOC F1 F2 or Matrix:
[[ 1.  1.  0. -1.  0.  0.  0.  0.  1.  1.  0. -1.  0.  0.  0.  0.  0.  0.]
 [-1.  0. -1.  0.  0.  0. -1. -1.  1. -1.  0.  0. -1.  0.  0.  0. -1.  0.]
 [ 1. -1.  0.  0. -1.  0.  0.  0. -1.  0.  1.  0.  0. -1.  0.  0.  0.  0.]
 [-1.  0. -1.  0.  0.  0.  1.  0. -1.  0. -1.  0.  0.  0. -1. -1.  1. -1.]
 [ 1.  1.  0.  1.  0.  0.  0.  0. -1.  0.  1.  0.  0.  1.  0.  0.  0.  0.]
 [ 1. -1.  0.  0.  1.  0.  0.  0.  1. -1.  0.  0.  1.  0.  0.  0.  0.  0.]
 [-1.  0.  1.  0.  0.  1.  0.  0. -1.  0. -1.  0.  0.  0. -1.  1.  0.  1.]
 [-1.  0.  1.  0.  0. -1.  0.  0. -1.  0. -1.  0.  0.  0.  1.  0.  0.  1.]
 [-1.  0. -1.  0.  0.  0. -1.  1.  1.  1.  0.  1.  0.  0.  0.  0.  1.  0.]]
2018-03-15 09:59:47,217 classifier accuracy
[0.973, 0.952, 1.0, 0.933, 0.833, 1.0, 0.966, 0.964, 0.865, 0.936, 0.926, 0.967, 1.0, 0.5, 0.92, 1.0, 1.0, 0.96]
2018-03-15 09:59:47,217 diversity
[-0.012, 0.002, -0.02, 0.0, -0.007, -0.054, 0.0, 0.026, -0.039, 0.059, -0.115, 0.026, 0.042, 0.0, -0.041, -0.054, 0.04, 0.0]
2018-03-15 09:59:47,217 accuracy: 0.905000
2018-03-15 09:59:47,217 Cancers res are:
2018-03-15 09:59:47,217 [0.878, 0.89200000000000002, 0.90500000000000003, 0.90500000000000003, 0.85099999999999998, 0.90500000000000003]
